2014 09 12 13 43 42.25800 1 -0.76032 -0.07295 -0.08562 -0.45180 -0.12928 -0.13131 -0.01681  0.27547 -0.10350 -0.23452 -0.02227 -0.03434 -0.19327 -0.41124 -0.01579 -0.20570 -0.14967  0.05460  0.01024 -0.32490 -0.30940 -0.25890  0.12936 
2014 09 12 13 43 42.28900 1 -0.76032 -0.07295 -0.08562 -0.45180 -0.12928 -0.13131 -0.01681  0.27547 -0.10350 -0.23452 -0.02227 -0.03434 -0.19327 -0.41124 -0.01579 -0.20570 -0.14967  0.05460  0.01024 -0.32490 -0.30940 -0.25890  0.12936 
2014 09 12 13 43 42.30500 1 -0.76032 -0.07295 -0.08562 -0.45180 -0.12928 -0.13131 -0.01681  0.27547 -0.10350 -0.23452 -0.02227 -0.03434 -0.19327 -0.41124 -0.01579 -0.20570 -0.14967  0.05460  0.01024 -0.32490 -0.30940 -0.25890  0.12936 
2014 09 12 13 43 42.32000 1 -0.76032 -0.07295 -0.08562 -0.45180 -0.12928 -0.13131 -0.01681  0.27547 -0.10350 -0.23452 -0.02227 -0.03434 -0.19327 -0.41124 -0.01579 -0.20570 -0.14967  0.05460  0.01024 -0.32490 -0.30940 -0.25890  0.12936 
2014 09 12 13 43 42.33600 1 -0.76032 -0.07295 -0.08562 -0.45180 -0.12928 -0.13131 -0.01681  0.27547 -0.10350 -0.23452 -0.02227 -0.03434 -0.19327 -0.41124 -0.01579 -0.20570 -0.14967  0.05460  0.01024 -0.32490 -0.30940 -0.25890  0.12936 
2014 09 12 13 43 42.35200 1 -0.76032 -0.07295 -0.08562 -0.45180 -0.12928 -0.13131 -0.01681  0.27547 -0.10350 -0.23452 -0.02227 -0.03434 -0.19327 -0.41124 -0.01579 -0.20570 -0.14967  0.05460  0.01024 -0.32490 -0.30940 -0.25890  0.12936 
2014 09 12 13 43 42.36700 1 -0.76032 -0.07295 -0.08562 -0.45180 -0.12928 -0.13131 -0.01681  0.27547 -0.10350 -0.23452 -0.02227 -0.03434 -0.19327 -0.41124 -0.01579 -0.20570 -0.14967  0.05460  0.01024 -0.32490 -0.30940 -0.25890  0.12936 
2014 09 12 13 43 42.38300 1 -0.76032 -0.07295 -0.08562 -0.45180 -0.12928 -0.13131 -0.01681  0.27547 -0.10350 -0.23452 -0.02227 -0.03434 -0.19327 -0.41124 -0.01579 -0.20570 -0.14967  0.05460  0.01024 -0.32490 -0.30940 -0.25890  0.12936 
2014 09 12 13 43 42.39800 1 -0.76032 -0.07295 -0.08562 -0.45180 -0.12928 -0.13131 -0.01681  0.27547 -0.10350 -0.23452 -0.02227 -0.03434 -0.19327 -0.41124 -0.01579 -0.20570 -0.14967  0.05460  0.01024 -0.32490 -0.30940 -0.25890  0.12936 
2014 09 12 13 43 42.41400 1 -0.76032 -0.07295 -0.08562 -0.45180 -0.12928 -0.13131 -0.01681  0.27547 -0.10350 -0.23452 -0.02227 -0.03434 -0.19327 -0.41124 -0.01579 -0.20570 -0.14967  0.05460  0.01024 -0.32490 -0.30940 -0.25890  0.12936 
2014 09 12 13 43 42.43000 1 -0.76032 -0.07295 -0.08562 -0.45180 -0.12928 -0.13131 -0.01681  0.27547 -0.10350 -0.23452 -0.02227 -0.03434 -0.19327 -0.41124 -0.01579 -0.20570 -0.14967  0.05460  0.01024 -0.32490 -0.30940 -0.25890  0.12936 
2014 09 12 13 43 42.44500 1 -0.76032 -0.07295 -0.08562 -0.45180 -0.12928 -0.13131 -0.01681  0.27547 -0.10350 -0.23452 -0.02227 -0.03434 -0.19327 -0.41124 -0.01579 -0.20570 -0.14967 -0.01820 -0.00299 -0.32490 -0.30940 -0.25890  0.12936 
2014 09 12 13 43 42.46100 1 -0.76032 -0.07295 -0.08562 -0.45180 -0.12928 -0.13131 -0.01681  0.27547 -0.10350 -0.23452 -0.02227 -0.03434 -0.19327 -0.41124 -0.01579 -0.20570 -0.14967 -0.01820 -0.00299 -0.32490 -0.30940 -0.25890  0.12936 
2014 09 12 13 43 42.47600 1 -0.76032 -0.07295 -0.08562 -0.45180 -0.12928 -0.13131 -0.01681  0.26940 -0.10350 -0.23452 -0.02227 -0.04041 -0.19327 -0.41124 -0.01579 -0.18729 -0.14967 -0.01820 -0.00299 -0.30649 -0.30940 -0.25890  0.12936 
2014 09 12 13 43 42.49200 1 -0.76032 -0.07295 -0.08562 -0.45180 -0.12928 -0.13131 -0.01681  0.26940 -0.10350 -0.23452 -0.02227 -0.04041 -0.19327 -0.41124 -0.01579 -0.18729 -0.14967 -0.01820 -0.00299 -0.30649 -0.30940 -0.25890  0.12936 
2014 09 12 13 43 42.50800 1 -0.76032 -0.07295 -0.08562 -0.45180 -0.12928 -0.13131 -0.01681  0.26940 -0.10350 -0.23452 -0.02227 -0.04041 -0.19327 -0.41124 -0.01579 -0.18729 -0.08315 -0.01820 -0.00299 -0.30649 -0.30940 -0.25890  0.12936 
2014 09 12 13 43 42.53900 1 -0.76032 -0.07295 -0.08562 -0.45180 -0.12928 -0.13131 -0.01681  0.26940 -0.10350 -0.23452 -0.02227 -0.04041 -0.19327 -0.41124 -0.01579 -0.18729 -0.08315 -0.01820 -0.00299 -0.30649 -0.30940 -0.25890  0.12936 
2014 09 12 13 43 42.55400 1 -0.76032 -0.07295 -0.08562 -0.45180 -0.12928 -0.18967 -0.02073  0.26940 -0.10350 -0.23452 -0.02227 -0.04041 -0.19327 -0.41124 -0.01579 -0.18729 -0.08315 -0.01820 -0.00299 -0.30649 -0.30940 -0.25890  0.12936 
2014 09 12 13 43 42.57000 1 -0.76032 -0.07295 -0.08562 -0.45180 -0.12928 -0.18967 -0.02073  0.26940 -0.10350 -0.23452 -0.02227 -0.04041 -0.19327 -0.41124 -0.01579 -0.18729 -0.08315 -0.01820 -0.00299 -0.30649 -0.30940 -0.25890  0.12936 
2014 09 12 13 43 42.58600 1 -0.76032 -0.07295 -0.08562 -0.45180 -0.12928 -0.18967 -0.02073  0.26940 -0.10350 -0.23452 -0.02227 -0.04041 -0.19327 -0.41124 -0.01579 -0.18729 -0.08315 -0.01820 -0.00299 -0.30649 -0.30940 -0.25890  0.12936 
2014 09 12 13 43 42.60100 1 -0.76032 -0.07295 -0.08562 -0.45180 -0.12928 -0.18967 -0.02073  0.26940 -0.10350 -0.30668 -0.02204 -0.04041 -0.19327 -0.41124 -0.01579 -0.18729 -0.08315 -0.01820 -0.00299 -0.30649 -0.30940 -0.25890  0.12936 
2014 09 12 13 43 42.61700 1 -0.76032 -0.07295 -0.08562 -0.45180 -0.12928 -0.18967 -0.02073  0.26940 -0.10350 -0.30668 -0.02204 -0.04041 -0.19327 -0.41124 -0.01579 -0.18729 -0.08315 -0.01820 -0.00299 -0.30649 -0.30940 -0.25890  0.12936 
2014 09 12 13 43 42.63200 1 -0.76032 -0.07295 -0.08562 -0.45180 -0.12928 -0.18967 -0.02073  0.26940 -0.10350 -0.30668 -0.02204 -0.04041 -0.19327 -0.41124 -0.01579 -0.18729 -0.08315 -0.01820 -0.00299 -0.30649 -0.30940 -0.25890  0.12936 
2014 09 12 13 43 42.64800 1 -0.76032 -0.07295 -0.08562 -0.45180 -0.12928 -0.18967 -0.02073  0.26940 -0.10350 -0.30668 -0.02204 -0.04041 -0.19327 -0.41124 -0.01579 -0.18729 -0.08315 -0.01820 -0.00299 -0.30649 -0.30940 -0.25890  0.12936 
2014 09 12 13 43 42.66400 1 -0.76032 -0.07295 -0.08562 -0.45180 -0.12928 -0.18967 -0.02073  0.26940 -0.10350 -0.30668 -0.02204 -0.04041 -0.19327 -0.41124 -0.01579 -0.18729 -0.08315 -0.01820 -0.00299 -0.30649 -0.30940 -0.25890  0.12936 
2014 09 12 13 43 42.67900 1 -0.76032 -0.07295 -0.08562 -0.45180 -0.12928 -0.18967 -0.02073  0.26940 -0.10350 -0.30668 -0.02204 -0.04041 -0.19327 -0.41124 -0.01579 -0.18729 -0.08315 -0.01820 -0.00299 -0.30649 -0.30940 -0.25890  0.12936 
2014 09 12 13 43 42.69500 1 -0.76032 -0.07295 -0.08562 -0.45180 -0.12928 -0.18967 -0.02073  0.26940 -0.10350 -0.30668 -0.02204 -0.04041 -0.19327 -0.41124 -0.01579 -0.18729 -0.08315 -0.01820 -0.00299 -0.30649 -0.30940 -0.25890  0.12936 
2014 09 12 13 43 42.71000 1 -0.76032 -0.07295 -0.08562 -0.45180 -0.12928 -0.18967 -0.02073  0.26940 -0.10350 -0.30668 -0.02204 -0.04041 -0.19327 -0.41124 -0.01579 -0.18729 -0.08315 -0.01820 -0.00299 -0.30649 -0.30940 -0.25890  0.12936 
2014 09 12 13 43 42.72600 1 -0.76032 -0.07295 -0.08562 -0.43172 -0.12928 -0.18967 -0.02073  0.26940 -0.10350 -0.30668 -0.02204 -0.04041 -0.19327 -0.41124 -0.01579 -0.18729 -0.08315 -0.01820 -0.00299 -0.30649 -0.30940 -0.25890  0.12936 
2014 09 12 13 43 42.74200 1 -0.76032 -0.07295 -0.08562 -0.43172 -0.12928 -0.18967 -0.02073  0.26940 -0.10350 -0.30668 -0.02204 -0.04041 -0.19327 -0.41124 -0.01579 -0.18729 -0.08315 -0.01820 -0.00299 -0.30649 -0.30940 -0.25890  0.12936 
2014 09 12 13 43 42.77300 1 -0.76032 -0.07295 -0.08562 -0.43172 -0.12928 -0.18967 -0.02073  0.26940 -0.10350 -0.30668 -0.02204 -0.04041 -0.19327 -0.41124 -0.01579 -0.18729 -0.08315 -0.01820 -0.00299 -0.30649 -0.30940 -0.25890  0.12936 
2014 09 12 13 43 42.78800 1 -0.76032 -0.07295 -0.08562 -0.41164 -0.12928 -0.18967 -0.02073  0.25252 -0.10350 -0.30668 -0.02204 -0.03484 -0.19327 -0.41124 -0.01579 -0.18172 -0.08315 -0.01820 -0.00299 -0.30092 -0.30940 -0.25890  0.12936 
2014 09 12 13 43 42.80400 1 -0.76032 -0.07295 -0.08562 -0.38654 -0.12928 -0.18967 -0.02073  0.25252 -0.10350 -0.30668 -0.02204 -0.03484 -0.19327 -0.41124 -0.01579 -0.18172 -0.08315 -0.01820 -0.00299 -0.30092 -0.30940 -0.25890  0.12936 
2014 09 12 13 43 42.82000 1 -0.76032 -0.07295 -0.08562 -0.36646 -0.12928 -0.18967 -0.02073  0.25252 -0.10350 -0.30668 -0.02204 -0.03484 -0.19327 -0.41124 -0.01579 -0.18172 -0.08315 -0.01820 -0.00299 -0.30092 -0.30940 -0.25890  0.12936 
2014 09 12 13 43 42.83500 1 -0.76032 -0.07295 -0.08562 -0.31124 -0.12928 -0.26262 -0.02258  0.23294 -0.10350 -0.30668 -0.02204 -0.03646 -0.19327 -0.41124 -0.01579 -0.15886 -0.08315 -0.01820 -0.00299 -0.27806 -0.35490 -0.25890  0.14504 
2014 09 12 13 43 42.85100 1 -0.76032 -0.01459 -0.02854 -0.24598 -0.06464 -0.26262 -0.02258  0.22384 -0.00000 -0.30668 -0.02204 -0.04556 -0.10542 -0.41124 -0.01579 -0.13124 -0.01663 -0.01820 -0.00299 -0.25044 -0.44590 -0.25890  0.16072 
2014 09 12 13 43 42.86600 1 -0.76032 -0.01459 -0.02854 -0.21084 -0.06464 -0.26262 -0.02258  0.21777 -0.00000 -0.30668 -0.02204 -0.05163 -0.10542 -0.41124 -0.01579 -0.11283 -0.01663 -0.01820 -0.00299 -0.23203 -0.50960 -0.25890  0.16072 
2014 09 12 13 43 42.88200 1 -0.83952  0.04377 -0.02854 -0.14056  0.01616 -0.33557 -0.02101  0.17861  0.06900 -0.39688 -0.01707 -0.05487 -0.03514 -0.41124 -0.01579 -0.06711  0.04989 -0.01820 -0.00299 -0.16247 -0.55510 -0.25890  0.16072 
2014 09 12 13 43 42.89800 1 -0.91872  0.04377  0.02854 -0.08032  0.09696 -0.39393 -0.01731  0.12849  0.25875 -0.39688 -0.01707 -0.06458  0.05271 -0.41124 -0.01579  0.00274  0.04989  0.05460  0.01024 -0.05090 -0.55510 -0.25890  0.16072 
2014 09 12 13 43 42.91300 1 -0.91872  0.04377  0.08562 -0.05020  0.09696 -0.39393 -0.01731  0.10250  0.32775 -0.46904 -0.00934 -0.06812  0.05271 -0.41124 -0.01579  0.03592  0.04989  0.14560  0.03154  0.01208 -0.55510 -0.25890  0.16072 
2014 09 12 13 43 42.92900 1 -0.99792 -0.01459  0.08562  0.01004  0.19392 -0.39393 -0.01731  0.04681  0.43125 -0.46904 -0.00934 -0.06993  0.12299 -0.41124 -0.01579  0.09531 -0.03326  0.14560  0.03154  0.13703 -0.55510 -0.25890  0.16072 
2014 09 12 13 43 42.94400 1 -1.06128 -0.07295  0.08562  0.04016  0.35552 -0.45229 -0.01143 -0.02880  0.51750 -0.46904 -0.00934 -0.06921  0.19327 -0.41124 -0.01579  0.16947 -0.03326  0.21840  0.05239  0.25887 -0.59150 -0.25890  0.16072 
2014 09 12 13 43 42.96000 1 -1.17216 -0.07295  0.14270  0.04016  0.45248 -0.45229 -0.01143 -0.09581  0.62100 -0.46904 -0.00934 -0.07336  0.19327 -0.33972 -0.02082  0.24488 -0.09978  0.21840  0.05239  0.36408 -0.59150 -0.25890  0.16072 
2014 09 12 13 43 42.97600 1 -1.17216 -0.07295  0.14270  0.04016  0.45248 -0.45229 -0.01143 -0.10643  0.62100 -0.46904 -0.00934 -0.08398  0.26355 -0.33972 -0.02082  0.27710 -0.09978  0.21840  0.05239  0.39630 -0.59150 -0.25890  0.16072 
2014 09 12 13 43 42.99100 1 -1.25136 -0.07295  0.14270  0.06024  0.53328 -0.45229 -0.01143 -0.12161  0.72450 -0.46904 -0.00934 -0.09916  0.26355 -0.33972 -0.02082  0.32312 -0.09978  0.21840  0.05239  0.46616 -0.59150 -0.25890  0.18032 
2014 09 12 13 43 43.02200 1 -1.37808 -0.01459  0.14270  0.06024  0.59792 -0.45229 -0.01143 -0.13830  0.93150 -0.61336 -0.01612 -0.11585  0.33383 -0.33972 -0.02082  0.37375 -0.16630  0.21840  0.05239  0.54659 -0.59150 -0.25890  0.18032 
2014 09 12 13 43 43.03800 1 -1.44144  0.04377  0.14270  0.06024  0.66256 -0.45229 -0.01143 -0.13830  1.00050 -0.70356 -0.03879 -0.11585  0.33383 -0.33972 -0.02082  0.37375 -0.16630  0.21840  0.05239  0.54659 -0.59150 -0.25890  0.18032 
2014 09 12 13 43 43.05400 1 -1.44144  0.04377  0.14270  0.06024  0.66256 -0.45229 -0.01143 -0.14437  1.00050 -0.70356 -0.03879 -0.12192  0.33383 -0.33972 -0.02082  0.39216 -0.16630  0.21840  0.05239  0.56500 -0.59150 -0.30205  0.19600 
2014 09 12 13 43 43.06900 1 -1.50480  0.10213  0.14270  0.06024  0.66256 -0.45229 -0.01143 -0.16547  1.00050 -0.77572 -0.06068 -0.12506  0.33383 -0.33972 -0.02082  0.41962 -0.16630  0.21840  0.05239  0.61630 -0.59150 -0.30205  0.19600 
2014 09 12 13 43 43.08500 1 -1.50480  0.10213  0.19978  0.08032  0.66256 -0.45229 -0.01143 -0.16547  1.00050 -0.77572 -0.06068 -0.12506  0.33383 -0.33972 -0.02082  0.41962 -0.24945  0.21840  0.05239  0.61630 -0.62790 -0.30205  0.19600 
2014 09 12 13 43 43.10000 1 -1.58400  0.10213  0.19978  0.08032  0.66256 -0.45229 -0.01143 -0.16547  1.00050 -0.77572 -0.06068 -0.12506  0.33383 -0.33972 -0.02082  0.41962 -0.24945  0.21840  0.05239  0.61630 -0.62790 -0.30205  0.19600 
2014 09 12 13 43 43.11600 1 -1.58400  0.10213  0.19978  0.08032  0.66256 -0.45229 -0.01143 -0.17154  1.00050 -0.77572 -0.06068 -0.13113  0.33383 -0.33972 -0.02082  0.43803 -0.24945  0.21840  0.05239  0.63471 -0.62790 -0.30205  0.19600 
2014 09 12 13 43 43.13200 1 -1.64736  0.10213  0.19978  0.08032  0.66256 -0.45229 -0.01143 -0.17154  1.00050 -0.77572 -0.06068 -0.13113  0.33383 -0.33972 -0.02082  0.43803 -0.31597  0.21840  0.05239  0.63471 -0.62790 -0.30205  0.21168 
2014 09 12 13 43 43.14700 1 -1.64736  0.10213  0.19978  0.08032  0.66256 -0.45229 -0.01143 -0.17154  1.00050 -0.77572 -0.06068 -0.13113  0.33383 -0.33972 -0.02082  0.43803 -0.31597  0.21840  0.05239  0.63471 -0.62790 -0.30205  0.21168 
2014 09 12 13 43 43.16300 1 -1.64736  0.10213  0.19978  0.08032  0.66256 -0.45229 -0.01143 -0.17154  1.00050 -0.77572 -0.06068 -0.13113  0.33383 -0.33972 -0.02082  0.43803 -0.31597  0.21840  0.05239  0.63471 -0.62790 -0.30205  0.21168 
2014 09 12 13 43 43.17800 1 -1.71072  0.10213  0.19978  0.10040  0.66256 -0.45229 -0.01143 -0.17154  1.00050 -0.77572 -0.06068 -0.13113  0.33383 -0.33972 -0.02082  0.43803 -0.31597  0.21840  0.05239  0.63471 -0.62790 -0.30205  0.21168 
2014 09 12 13 43 43.19400 1 -1.71072  0.10213  0.19978  0.10040  0.72720 -0.45229 -0.01143 -0.17154  1.00050 -0.77572 -0.06068 -0.13113  0.33383 -0.33972 -0.02082  0.43803 -0.39912  0.21840  0.05239  0.65855 -0.62790 -0.33657  0.21168 
2014 09 12 13 43 43.21000 1 -1.71072  0.10213  0.19978  0.10040  0.72720 -0.45229 -0.01143 -0.17154  1.00050 -0.77572 -0.06068 -0.13113  0.33383 -0.33972 -0.02082  0.43803 -0.39912  0.21840  0.05239  0.65855 -0.62790 -0.33657  0.21168 
2014 09 12 13 43 43.22500 1 -1.77408  0.10213  0.19978  0.10040  0.72720 -0.45229 -0.01143 -0.17154  1.00050 -0.77572 -0.06068 -0.13113  0.33383 -0.33972 -0.02082  0.43803 -0.46564  0.21840  0.05239  0.65855 -0.62790 -0.33657  0.21168 
2014 09 12 13 43 43.24100 1 -1.77408  0.10213  0.19978  0.10040  0.72720 -0.45229 -0.01143 -0.17761  1.00050 -0.77572 -0.06068 -0.13720  0.33383 -0.33972 -0.02082  0.45644 -0.46564  0.21840  0.05239  0.67696 -0.62790 -0.33657  0.21168 
2014 09 12 13 43 43.27200 1 -1.77408  0.10213  0.19978  0.10040  0.72720 -0.51065 -0.00337 -0.17761  1.00050 -0.86592 -0.09274 -0.13720  0.33383 -0.33972 -0.02082  0.45644 -0.53216  0.14560  0.03154  0.67696 -0.62790 -0.33657  0.21168 
2014 09 12 13 43 43.28800 1 -1.77408  0.10213  0.19978  0.10040  0.64640 -0.58360 -0.00978 -0.19112  1.00050 -0.93808 -0.12212 -0.13275  0.26355 -0.33972 -0.02082  0.46089 -0.53216  0.14560  0.03154  0.65757 -0.62790 -0.33657  0.21168 
2014 09 12 13 43 43.30300 1 -1.77408  0.04377  0.19978  0.12048  0.64640 -0.64196 -0.02274 -0.20462  0.93150 -0.93808 -0.12212 -0.12829  0.26355 -0.33972 -0.02082  0.46535 -0.53216  0.14560  0.03154  0.66203 -0.62790 -0.33657  0.21168 
2014 09 12 13 43 43.31900 1 -1.77408  0.04377  0.19978  0.12048  0.56560 -0.70032 -0.03789 -0.20462  0.93150 -1.01024 -0.15485 -0.12829  0.26355 -0.41124 -0.01579  0.46535 -0.61531  0.07280  0.01407  0.66203 -0.62790 -0.33657  0.21168 
2014 09 12 13 43 43.33400 1 -1.77408  0.04377  0.19978  0.12048  0.48480 -0.75868 -0.05521 -0.21813  0.86250 -1.01024 -0.15485 -0.12384  0.19327 -0.41124 -0.01579  0.46980 -0.68183  0.07280  0.01407  0.64264 -0.62790 -0.33657  0.21168 
2014 09 12 13 43 43.35000 1 -1.77408 -0.01459  0.19978  0.12048  0.40400 -0.75868 -0.05521 -0.21206  0.75900 -1.01024 -0.15485 -0.11777  0.12299 -0.41124 -0.01579  0.45139 -0.68183  0.07280  0.01407  0.62423 -0.62790 -0.33657  0.21168 
2014 09 12 13 43 43.36600 1 -1.83744 -0.01459  0.12843  0.12048  0.32320 -0.83163 -0.07994 -0.21206  0.67275 -1.08240 -0.19090 -0.11777  0.03514 -0.48276 -0.00749  0.45139 -0.76498 -0.01820 -0.00299  0.62423 -0.59150 -0.33657  0.21168 
2014 09 12 13 43 43.38100 1 -1.83744 -0.01459  0.04281  0.12048  0.24240 -0.88999 -0.10217 -0.20447  0.56925 -1.15456 -0.23029 -0.11018  0.03514 -0.82248 -0.07665  0.42838 -0.86476 -0.20020 -0.02121  0.60122 -0.55510 -0.33657  0.21168 
2014 09 12 13 43 43.39700 1 -1.83744 -0.07295 -0.08562  0.12048  0.17776 -0.96294 -0.13302 -0.19840  0.48300 -1.26280 -0.29562 -0.10411  0.10542 -1.18008 -0.24501  0.40997 -0.96454 -0.27300 -0.02256  0.58281 -0.55510 -0.33657  0.21168 
2014 09 12 13 43 43.41200 1 -1.83744 -0.07295 -0.14270  0.12048  0.17776 -1.07966 -0.18947 -0.19233  0.48300 -1.40712 -0.39439 -0.09804  0.19327 -1.28736 -0.31148  0.39156 -0.96454 -0.34580 -0.02052  0.58824 -0.50960 -0.33657  0.21168 
2014 09 12 13 43 43.42800 1 -1.83744 -0.07295 -0.19978  0.12048  0.11312 -1.07966 -0.18947 -0.19233  0.48300 -1.40712 -0.39439 -0.09804  0.19327 -1.28736 -0.31148  0.39156 -1.03106 -0.34580 -0.02052  0.58824 -0.50960 -0.33657  0.21168 
2014 09 12 13 43 43.44400 1 -1.83744 -0.07295 -0.19978  0.12048  0.11312 -1.16720 -0.23753 -0.19233  0.48300 -1.40712 -0.39439 -0.09804  0.19327 -1.28736 -0.31148  0.39156 -1.03106 -0.34580 -0.02052  0.61804 -0.50960 -0.33657  0.21168 
2014 09 12 13 43 43.45900 1 -1.90080 -0.07295 -0.19978  0.12048  0.11312 -1.16720 -0.23753 -0.19233  0.41400 -1.40712 -0.39439 -0.09804  0.19327 -1.35888 -0.35989  0.39156 -1.03106 -0.34580 -0.02052  0.61804 -0.50960 -0.33657  0.21168 
2014 09 12 13 43 43.47500 1 -1.90080 -0.07295 -0.25686  0.12048  0.04848 -1.16720 -0.23753 -0.20246  0.41400 -1.40712 -0.39439 -0.09470  0.19327 -1.35888 -0.35989  0.39490 -1.09758 -0.41860 -0.01509  0.64522 -0.50960 -0.33657  0.21168 
2014 09 12 13 43 43.50600 1 -1.90080 -0.07295 -0.27113  0.12048  0.04848 -1.16720 -0.23753 -0.20246  0.41400 -1.40712 -0.39439 -0.09470  0.19327 -1.35888 -0.35989  0.39490 -1.09758 -0.41860 -0.01509  0.64522 -0.50960 -0.33657  0.19208 
2014 09 12 13 43 43.52200 1 -1.90080 -0.07295 -0.27113  0.12048 -0.01616 -1.16720 -0.23753 -0.20246  0.41400 -1.40712 -0.39439 -0.09470  0.19327 -1.35888 -0.35989  0.39490 -1.16410 -0.41860 -0.01509  0.64522 -0.47320 -0.33657  0.19208 
2014 09 12 13 43 43.53700 1 -1.90080 -0.07295 -0.27113  0.12048 -0.01616 -1.16720 -0.23753 -0.20246  0.41400 -1.40712 -0.39439 -0.09470  0.19327 -1.35888 -0.35989  0.39490 -1.16410 -0.41860 -0.01509  0.64522 -0.47320 -0.33657  0.19208 
2014 09 12 13 43 43.55300 1 -1.90080 -0.07295 -0.27113  0.12048 -0.01616 -1.16720 -0.23753 -0.19639  0.41400 -1.40712 -0.39439 -0.08863  0.19327 -1.35888 -0.35989  0.37649 -1.16410 -0.41860 -0.01509  0.62681 -0.47320 -0.33657  0.19208 
2014 09 12 13 43 43.56800 1 -1.90080 -0.07295 -0.27113  0.12048 -0.01616 -1.16720 -0.23753 -0.19639  0.41400 -1.40712 -0.39439 -0.08863  0.19327 -1.35888 -0.35989  0.37649 -1.16410 -0.41860 -0.01509  0.62681 -0.47320 -0.33657  0.19208 
2014 09 12 13 43 43.58400 1 -1.90080 -0.07295 -0.27113  0.12048 -0.01616 -1.16720 -0.23753 -0.19639  0.41400 -1.40712 -0.39439 -0.08863  0.19327 -1.35888 -0.35989  0.37649 -1.16410 -0.41860 -0.01509  0.62681 -0.47320 -0.33657  0.19208 
2014 09 12 13 43 43.60000 1 -1.90080 -0.07295 -0.27113  0.12048 -0.01616 -1.16720 -0.23753 -0.19639  0.41400 -1.40712 -0.39439 -0.08863  0.19327 -1.35888 -0.35989  0.37649 -1.16410 -0.41860 -0.01509  0.62681 -0.43680 -0.33657  0.19208 
2014 09 12 13 43 43.61500 1 -1.90080 -0.07295 -0.27113  0.12048 -0.01616 -1.16720 -0.23753 -0.19639  0.41400 -1.40712 -0.39439 -0.08863  0.19327 -1.35888 -0.35989  0.37649 -1.16410 -0.41860 -0.01509  0.62681 -0.43680 -0.33657  0.19208 
2014 09 12 13 43 43.63100 1 -1.90080 -0.07295 -0.27113  0.12048 -0.01616 -1.22556 -0.27229 -0.18963  0.41400 -1.40712 -0.39439 -0.09085  0.19327 -1.35888 -0.35989  0.37427 -1.16410 -0.41860 -0.01509  0.62459 -0.43680 -0.33657  0.19208 
2014 09 12 13 43 43.64600 1 -1.90080 -0.07295 -0.27113  0.12048 -0.01616 -1.22556 -0.27229 -0.18963  0.41400 -1.40712 -0.39439 -0.09085  0.19327 -1.35888 -0.35989  0.37427 -1.16410 -0.41860 -0.01509  0.62459 -0.43680 -0.33657  0.19208 
2014 09 12 13 43 43.66200 1 -1.90080 -0.07295 -0.27113  0.12048 -0.01616 -1.22556 -0.27229 -0.18963  0.41400 -1.40712 -0.39439 -0.09085  0.19327 -1.35888 -0.35989  0.37427 -1.16410 -0.41860 -0.01509  0.62459 -0.43680 -0.33657  0.17640 
2014 09 12 13 43 43.67800 1 -1.90080 -0.07295 -0.27113  0.12048 -0.01616 -1.22556 -0.27229 -0.18963  0.41400 -1.40712 -0.39439 -0.09085  0.19327 -1.35888 -0.35989  0.37427 -1.16410 -0.49140 -0.00627  0.62459 -0.43680 -0.33657  0.17640 
2014 09 12 13 43 43.69300 1 -1.90080 -0.07295 -0.32821  0.12048 -0.01616 -1.22556 -0.27229 -0.18963  0.41400 -1.40712 -0.39439 -0.09085  0.19327 -1.35888 -0.35989  0.37427 -1.16410 -0.49140 -0.00627  0.62459 -0.43680 -0.33657  0.17640 
2014 09 12 13 43 43.70900 1 -1.90080 -0.07295 -0.32821  0.12048 -0.01616 -1.22556 -0.27229 -0.18963  0.41400 -1.47928 -0.44877 -0.09085  0.19327 -1.35888 -0.35989  0.37427 -1.16410 -0.49140 -0.00627  0.62459 -0.43680 -0.33657  0.17640 
2014 09 12 13 43 43.72400 1 -1.90080 -0.07295 -0.32821  0.12048 -0.01616 -1.22556 -0.27229 -0.18963  0.41400 -1.47928 -0.44877 -0.09085  0.19327 -1.35888 -0.35989  0.37427 -1.16410 -0.49140 -0.00627  0.62459 -0.43680 -0.33657  0.17640 
2014 09 12 13 43 43.75600 1 -1.90080 -0.07295 -0.32821  0.12048 -0.01616 -1.22556 -0.27229 -0.18963  0.41400 -1.47928 -0.44877 -0.09085  0.19327 -1.35888 -0.35989  0.37427 -1.16410 -0.49140 -0.00627  0.62459 -0.43680 -0.33657  0.17640 
2014 09 12 13 43 43.77100 1 -1.90080 -0.07295 -0.32821  0.12048 -0.01616 -1.22556 -0.27229 -0.18963  0.41400 -1.47928 -0.44877 -0.09085  0.19327 -1.35888 -0.35989  0.37427 -1.16410 -0.49140 -0.00627  0.62459 -0.43680 -0.33657  0.17640 
2014 09 12 13 43 43.78700 1 -1.90080 -0.07295 -0.32821  0.12048 -0.01616 -1.22556 -0.27229 -0.18963  0.41400 -1.47928 -0.44877 -0.09085  0.19327 -1.35888 -0.35989  0.37427 -1.16410 -0.49140 -0.00627  0.62459 -0.43680 -0.33657  0.17640 
2014 09 12 13 43 43.80200 1 -1.90080 -0.07295 -0.32821  0.12048 -0.01616 -1.22556 -0.27229 -0.18356  0.41400 -1.47928 -0.44877 -0.08478  0.19327 -1.35888 -0.35989  0.35586 -1.16410 -0.49140 -0.00627  0.60618 -0.43680 -0.33657  0.17640 
2014 09 12 13 43 43.81800 1 -1.90080 -0.07295 -0.32821  0.12048 -0.01616 -1.22556 -0.27229 -0.18356  0.41400 -1.47928 -0.44877 -0.08478  0.19327 -1.35888 -0.35989  0.35586 -1.16410 -0.49140 -0.00627  0.60618 -0.43680 -0.33657  0.17640 
2014 09 12 13 43 43.83400 1 -1.90080 -0.07295 -0.32821  0.12048 -0.01616 -1.22556 -0.27229 -0.17006  0.41400 -1.47928 -0.44877 -0.08924  0.19327 -1.35888 -0.35989  0.35140 -1.16410 -0.49140 -0.00627  0.60172 -0.43680 -0.33657  0.17640 
2014 09 12 13 43 43.84900 1 -1.90080 -0.07295 -0.32821  0.12048 -0.01616 -1.22556 -0.27229 -0.17006  0.41400 -1.47928 -0.44877 -0.08924  0.19327 -1.35888 -0.35989  0.35140 -1.16410 -0.49140 -0.00627  0.60172 -0.43680 -0.33657  0.17640 
2014 09 12 13 43 43.86500 1 -1.90080 -0.07295 -0.32821  0.12048 -0.01616 -1.22556 -0.27229 -0.17006  0.41400 -1.47928 -0.44877 -0.08924  0.19327 -1.35888 -0.35989  0.35140 -1.16410 -0.49140 -0.00627  0.60172 -0.43680 -0.33657  0.17640 
2014 09 12 13 43 43.88000 1 -1.90080 -0.07295 -0.32821  0.12048 -0.01616 -1.22556 -0.27229 -0.15655  0.41400 -1.47928 -0.44877 -0.09369  0.19327 -1.35888 -0.35989  0.34695 -1.16410 -0.49140 -0.00627  0.59727 -0.40040 -0.33657  0.17640 
2014 09 12 13 43 43.89600 1 -1.90080 -0.07295 -0.32821  0.12048 -0.01616 -1.22556 -0.27229 -0.15655  0.41400 -1.47928 -0.44877 -0.09369  0.19327 -1.35888 -0.35989  0.34695 -1.16410 -0.49140 -0.00627  0.59727 -0.40040 -0.33657  0.17640 
2014 09 12 13 43 43.91200 1 -1.90080 -0.07295 -0.32821  0.12048 -0.01616 -1.22556 -0.27229 -0.15655  0.41400 -1.47928 -0.44877 -0.09369  0.19327 -1.35888 -0.35989  0.34695 -1.16410 -0.49140 -0.00627  0.59727 -0.40040 -0.33657  0.17640 
2014 09 12 13 43 43.92700 1 -1.90080 -0.07295 -0.32821  0.12048 -0.01616 -1.22556 -0.27229 -0.15655  0.41400 -1.47928 -0.44877 -0.09369  0.19327 -1.35888 -0.35989  0.34695 -1.16410 -0.49140 -0.00627  0.59727 -0.40040 -0.33657  0.17640 
2014 09 12 13 43 43.94300 1 -1.90080 -0.07295 -0.32821  0.12048 -0.01616 -1.22556 -0.27229 -0.15655  0.41400 -1.47928 -0.44877 -0.09369  0.19327 -1.35888 -0.35989  0.34695 -1.16410 -0.49140 -0.00627  0.59727 -0.40040 -0.33657  0.17640 
2014 09 12 13 43 43.95800 1 -1.90080 -0.07295 -0.32821  0.12048 -0.01616 -1.22556 -0.27229 -0.15655  0.41400 -1.47928 -0.44877 -0.09369  0.19327 -1.35888 -0.35989  0.34695 -1.16410 -0.49140 -0.00627  0.59727 -0.40040 -0.33657  0.17640 
2014 09 12 13 43 43.99000 1 -1.90080 -0.07295 -0.32821  0.12048 -0.01616 -1.22556 -0.27229 -0.15655  0.41400 -1.47928 -0.44877 -0.09369  0.19327 -1.35888 -0.35989  0.34695 -1.16410 -0.49140 -0.00627  0.59727 -0.40040 -0.33657  0.17640 
2014 09 12 13 43 44.00500 1 -1.90080 -0.07295 -0.32821  0.12048 -0.01616 -1.22556 -0.27229 -0.15655  0.41400 -1.47928 -0.44877 -0.09369  0.19327 -1.35888 -0.35989  0.34695 -1.16410 -0.49140 -0.00627  0.59727 -0.40040 -0.33657  0.17640 
2014 09 12 13 43 44.02100 1 -1.90080 -0.07295 -0.32821  0.12048 -0.01616 -1.22556 -0.27229 -0.15655  0.41400 -1.47928 -0.44877 -0.09369  0.19327 -1.35888 -0.35989  0.34695 -1.16410 -0.49140 -0.00627  0.59727 -0.40040 -0.33657  0.17640 
2014 09 12 13 43 44.03600 1 -1.90080 -0.07295 -0.32821  0.12048 -0.01616 -1.22556 -0.27229 -0.15655  0.41400 -1.47928 -0.44877 -0.09369  0.19327 -1.35888 -0.35989  0.34695 -1.16410 -0.49140 -0.00627  0.59727 -0.40040 -0.33657  0.17640 
2014 09 12 13 43 44.05200 1 -1.90080 -0.07295 -0.32821  0.12048 -0.01616 -1.22556 -0.27229 -0.15655  0.41400 -1.47928 -0.44877 -0.09369  0.19327 -1.35888 -0.35989  0.34695 -1.16410 -0.49140 -0.00627  0.59727 -0.40040 -0.33657  0.17640 
2014 09 12 13 43 44.06800 1 -1.90080 -0.07295 -0.32821  0.12048 -0.01616 -1.22556 -0.27229 -0.15655  0.41400 -1.47928 -0.44877 -0.09369  0.19327 -1.35888 -0.35989  0.34695 -1.16410 -0.49140 -0.00627  0.59727 -0.40040 -0.33657  0.17640 
2014 09 12 13 43 44.08300 1 -1.90080 -0.07295 -0.32821  0.12048 -0.01616 -1.22556 -0.27229 -0.15655  0.41400 -1.47928 -0.44877 -0.09369  0.19327 -1.35888 -0.35989  0.34695 -1.16410 -0.49140 -0.00627  0.59727 -0.40040 -0.33657  0.17640 
2014 09 12 13 43 44.09900 1 -1.90080 -0.07295 -0.32821  0.12048 -0.01616 -1.22556 -0.27229 -0.15655  0.41400 -1.47928 -0.44877 -0.09369  0.19327 -1.35888 -0.35989  0.34695 -1.16410 -0.49140 -0.00627  0.59727 -0.40040 -0.33657  0.17640 
2014 09 12 13 43 44.11400 1 -1.90080 -0.07295 -0.32821  0.12048 -0.01616 -1.22556 -0.27229 -0.15655  0.41400 -1.47928 -0.44877 -0.09369  0.19327 -1.35888 -0.35989  0.34695 -1.16410 -0.49140 -0.00627  0.59727 -0.40040 -0.33657  0.17640 
2014 09 12 13 43 44.13000 1 -1.90080 -0.07295 -0.32821  0.12048 -0.01616 -1.22556 -0.27229 -0.15655  0.41400 -1.47928 -0.44877 -0.09369  0.19327 -1.35888 -0.35989  0.34695 -1.16410 -0.49140 -0.00627  0.59727 -0.40040 -0.33657  0.17640 
2014 09 12 13 43 44.14600 1 -1.90080 -0.07295 -0.32821  0.12048 -0.01616 -1.22556 -0.27229 -0.15655  0.41400 -1.47928 -0.44877 -0.09369  0.19327 -1.35888 -0.35989  0.34695 -1.16410 -0.49140 -0.00627  0.59727 -0.40040 -0.33657  0.17640 
2014 09 12 13 43 44.16100 1 -1.90080 -0.07295 -0.32821  0.12048 -0.01616 -1.22556 -0.27229 -0.15655  0.41400 -1.47928 -0.44877 -0.09369  0.19327 -1.35888 -0.35989  0.34695 -1.16410 -0.49140 -0.00627  0.59727 -0.40040 -0.33657  0.17640 
2014 09 12 13 43 44.17700 1 -1.90080 -0.07295 -0.32821  0.12048 -0.01616 -1.22556 -0.27229 -0.15655  0.41400 -1.47928 -0.44877 -0.09369  0.19327 -1.35888 -0.35989  0.34695 -1.16410 -0.49140 -0.00627  0.59727 -0.40040 -0.33657  0.17640 
2014 09 12 13 43 44.19200 1 -1.90080 -0.07295 -0.32821  0.12048 -0.01616 -1.22556 -0.27229 -0.15655  0.41400 -1.47928 -0.44877 -0.09369  0.19327 -1.35888 -0.35989  0.34695 -1.16410 -0.49140 -0.00627  0.59727 -0.40040 -0.33657  0.17640 
2014 09 12 13 43 44.20800 1 -1.83744 -0.07295 -0.32821  0.12048 -0.01616 -1.22556 -0.27229 -0.15655  0.41400 -1.47928 -0.44877 -0.09369  0.19327 -1.35888 -0.35989  0.34695 -1.16410 -0.49140 -0.00627  0.59727 -0.40040 -0.33657  0.17640 
2014 09 12 13 43 44.23900 1 -1.83744 -0.07295 -0.32821  0.12048 -0.01616 -1.22556 -0.27229 -0.15655  0.41400 -1.47928 -0.44877 -0.09369  0.19327 -1.35888 -0.35989  0.34695 -1.16410 -0.49140 -0.00627  0.59727 -0.40040 -0.33657  0.17640 
2014 09 12 13 43 44.25500 1 -1.83744 -0.07295 -0.32821  0.12048 -0.01616 -1.22556 -0.27229 -0.15655  0.41400 -1.47928 -0.44877 -0.09369  0.19327 -1.35888 -0.35989  0.34695 -1.16410 -0.49140 -0.00627  0.59727 -0.40040 -0.33657  0.17640 
2014 09 12 13 43 44.27000 1 -1.83744 -0.07295 -0.32821  0.12048 -0.01616 -1.22556 -0.27229 -0.15655  0.41400 -1.47928 -0.44877 -0.09369  0.19327 -1.35888 -0.35989  0.34695 -1.16410 -0.49140 -0.00627  0.59727 -0.40040 -0.33657  0.17640 
2014 09 12 13 43 44.28600 1 -1.83744 -0.07295 -0.32821  0.12048 -0.01616 -1.22556 -0.27229 -0.15655  0.41400 -1.47928 -0.44877 -0.09369  0.19327 -1.35888 -0.35989  0.34695 -1.16410 -0.49140 -0.00627  0.59727 -0.40040 -0.33657  0.17640 
2014 09 12 13 43 44.31700 1 -1.83744 -0.01459 -0.32821  0.12048 -0.01616 -1.22556 -0.27229 -0.15655  0.41400 -1.47928 -0.44877 -0.09369  0.19327 -1.35888 -0.35989  0.34695 -1.16410 -0.49140 -0.00627  0.59727 -0.40040 -0.29342  0.17640 
2014 09 12 13 43 44.33300 1 -1.83744 -0.01459 -0.32821  0.12048 -0.01616 -1.22556 -0.27229 -0.15655  0.41400 -1.47928 -0.44877 -0.09369  0.19327 -1.35888 -0.35989  0.34695 -1.16410 -0.49140 -0.00627  0.59727 -0.40040 -0.29342  0.17640 
2014 09 12 13 43 44.34800 1 -1.83744 -0.01459 -0.32821  0.12048 -0.01616 -1.22556 -0.27229 -0.15655  0.41400 -1.47928 -0.44877 -0.09369  0.19327 -1.35888 -0.35989  0.34695 -1.16410 -0.49140 -0.00627  0.59727 -0.40040 -0.29342  0.17640 
2014 09 12 13 43 44.36400 1 -1.83744 -0.01459 -0.32821  0.12048 -0.01616 -1.22556 -0.27229 -0.15655  0.41400 -1.47928 -0.44877 -0.09369  0.19327 -1.35888 -0.35989  0.34695 -1.16410 -0.49140 -0.00627  0.59727 -0.40040 -0.29342  0.17640 
2014 09 12 13 43 44.38000 1 -1.83744 -0.01459 -0.32821  0.12048 -0.01616 -1.22556 -0.27229 -0.15655  0.41400 -1.47928 -0.44877 -0.09369  0.19327 -1.35888 -0.35989  0.34695 -1.16410 -0.56420 -0.00595  0.59727 -0.40040 -0.29342  0.17640 
2014 09 12 13 43 44.39500 1 -1.83744 -0.01459 -0.32821  0.12048 -0.01616 -1.22556 -0.27229 -0.15655  0.41400 -1.47928 -0.44877 -0.09369  0.19327 -1.35888 -0.35989  0.34695 -1.09758 -0.56420 -0.00595  0.59727 -0.40040 -0.29342  0.17640 
2014 09 12 13 43 44.41100 1 -1.83744 -0.01459 -0.32821  0.12048 -0.01616 -1.22556 -0.27229 -0.15655  0.41400 -1.47928 -0.44877 -0.09369  0.19327 -1.35888 -0.35989  0.34695 -1.09758 -0.56420 -0.00595  0.59727 -0.40040 -0.29342  0.17640 
2014 09 12 13 43 44.42600 1 -1.77408 -0.01459 -0.32821  0.12048 -0.01616 -1.22556 -0.27229 -0.15655  0.41400 -1.47928 -0.44877 -0.09369  0.19327 -1.35888 -0.35989  0.34695 -1.09758 -0.56420 -0.00595  0.59727 -0.40040 -0.29342  0.17640 
2014 09 12 13 43 44.44200 1 -1.77408 -0.01459 -0.32821  0.12048 -0.01616 -1.22556 -0.27229 -0.15655  0.41400 -1.47928 -0.44877 -0.09369  0.19327 -1.35888 -0.35989  0.34695 -1.09758 -0.56420 -0.00595  0.59727 -0.40040 -0.29342  0.17640 
2014 09 12 13 43 44.45800 1 -1.77408 -0.01459 -0.32821  0.12048 -0.01616 -1.22556 -0.27229 -0.15655  0.41400 -1.47928 -0.44877 -0.09369  0.19327 -1.35888 -0.35989  0.34695 -1.09758 -0.56420 -0.00595  0.59727 -0.40040 -0.29342  0.17640 
2014 09 12 13 43 44.48900 1 -1.77408 -0.01459 -0.32821  0.12048 -0.01616 -1.22556 -0.27229 -0.15655  0.41400 -1.47928 -0.44877 -0.09369  0.19327 -1.35888 -0.35989  0.34695 -1.09758 -0.56420 -0.00595  0.59727 -0.40040 -0.29342  0.17640 
2014 09 12 13 43 44.50400 1 -1.77408 -0.01459 -0.32821  0.12048 -0.01616 -1.22556 -0.27229 -0.15655  0.41400 -1.47928 -0.44877 -0.09369  0.19327 -1.35888 -0.35989  0.34695 -1.09758 -0.56420 -0.00595  0.59727 -0.40040 -0.29342  0.17640 
2014 09 12 13 43 44.52000 1 -1.77408 -0.01459 -0.32821  0.12048 -0.01616 -1.22556 -0.27229 -0.15655  0.41400 -1.47928 -0.44877 -0.09369  0.19327 -1.35888 -0.35989  0.34695 -1.09758 -0.56420 -0.00595  0.59727 -0.40040 -0.29342  0.17640 
2014 09 12 13 43 44.53600 1 -1.77408 -0.01459 -0.32821  0.12048 -0.01616 -1.22556 -0.27229 -0.15655  0.41400 -1.47928 -0.44877 -0.09369  0.19327 -1.35888 -0.35989  0.34695 -1.09758 -0.56420 -0.00595  0.59727 -0.40040 -0.29342  0.17640 
2014 09 12 13 43 44.55100 1 -1.77408 -0.01459 -0.32821  0.12048 -0.01616 -1.22556 -0.27229 -0.15655  0.41400 -1.47928 -0.44877 -0.09369  0.19327 -1.35888 -0.35989  0.34695 -1.09758 -0.56420 -0.00595  0.59727 -0.40040 -0.29342  0.17640 
2014 09 12 13 43 44.56700 1 -1.77408 -0.01459 -0.32821  0.12048 -0.01616 -1.22556 -0.27229 -0.15655  0.41400 -1.47928 -0.44877 -0.09369  0.19327 -1.35888 -0.35989  0.34695 -1.09758 -0.56420 -0.00595  0.59727 -0.40040 -0.29342  0.17640 
2014 09 12 13 43 44.58200 1 -1.77408 -0.01459 -0.32821  0.12048 -0.01616 -1.22556 -0.27229 -0.15655  0.41400 -1.47928 -0.44877 -0.09369  0.19327 -1.35888 -0.35989  0.34695 -1.09758 -0.56420 -0.00595  0.59727 -0.40040 -0.29342  0.17640 
2014 09 12 13 43 44.59800 1 -1.77408 -0.01459 -0.32821  0.12048 -0.01616 -1.22556 -0.27229 -0.15655  0.41400 -1.47928 -0.44877 -0.09369  0.19327 -1.35888 -0.35989  0.34695 -1.09758 -0.56420 -0.00595  0.59727 -0.40040 -0.29342  0.17640 
2014 09 12 13 43 44.61400 1 -1.77408 -0.01459 -0.32821  0.12048 -0.01616 -1.22556 -0.27229 -0.15655  0.41400 -1.47928 -0.44877 -0.09369  0.19327 -1.35888 -0.35989  0.34695 -1.09758 -0.56420 -0.00595  0.59727 -0.40040 -0.29342  0.17640 
2014 09 12 13 43 44.62900 1 -1.77408 -0.01459 -0.32821  0.12048 -0.01616 -1.22556 -0.27229 -0.15655  0.41400 -1.47928 -0.44877 -0.09369  0.19327 -1.35888 -0.35989  0.34695 -1.09758 -0.56420 -0.00595  0.59727 -0.40040 -0.29342  0.17640 
2014 09 12 13 43 44.64500 1 -1.77408 -0.01459 -0.32821  0.12048 -0.01616 -1.22556 -0.27229 -0.15655  0.41400 -1.47928 -0.44877 -0.09369  0.19327 -1.35888 -0.35989  0.34695 -1.09758 -0.56420 -0.00595  0.59727 -0.40040 -0.25890  0.17640 
2014 09 12 13 43 44.66000 1 -1.77408 -0.01459 -0.32821  0.12048 -0.01616 -1.22556 -0.27229 -0.15655  0.41400 -1.47928 -0.44877 -0.09369  0.19327 -1.35888 -0.35989  0.34695 -1.09758 -0.56420 -0.00595  0.59727 -0.40040 -0.25890  0.17640 
2014 09 12 13 43 44.67600 1 -1.77408 -0.01459 -0.32821  0.12048 -0.01616 -1.22556 -0.27229 -0.15655  0.41400 -1.47928 -0.44877 -0.09369  0.19327 -1.35888 -0.35989  0.34695 -1.09758 -0.56420 -0.00595  0.59727 -0.40040 -0.25890  0.17640 
2014 09 12 13 43 44.69200 1 -1.77408 -0.01459 -0.32821  0.12048  0.04848 -1.22556 -0.27229 -0.15655  0.41400 -1.47928 -0.44877 -0.09369  0.19327 -1.35888 -0.35989  0.34695 -1.09758 -0.56420 -0.00595  0.59727 -0.40040 -0.25890  0.17640 
2014 09 12 13 43 44.72300 1 -1.77408 -0.01459 -0.32821  0.12048  0.04848 -1.22556 -0.27229 -0.15655  0.41400 -1.47928 -0.44877 -0.09369  0.19327 -1.35888 -0.35989  0.34695 -1.09758 -0.56420 -0.00595  0.59727 -0.40040 -0.25890  0.17640 
2014 09 12 13 43 44.73800 1 -1.77408 -0.01459 -0.32821  0.12048  0.11312 -1.22556 -0.27229 -0.15655  0.41400 -1.47928 -0.44877 -0.09369  0.19327 -1.35888 -0.35989  0.34695 -1.09758 -0.49140 -0.00627  0.59727 -0.40040 -0.25890  0.17640 
2014 09 12 13 43 44.75400 1 -1.77408 -0.01459 -0.32821  0.12048  0.11312 -1.16720 -0.23753 -0.15655  0.50025 -1.47928 -0.44877 -0.09369  0.19327 -1.35888 -0.35989  0.34695 -1.09758 -0.49140 -0.00627  0.59727 -0.40040 -0.25890  0.17640 
2014 09 12 13 43 44.77000 1 -1.77408 -0.01459 -0.22832  0.10040  0.19392 -1.03589 -0.16728 -0.15655  0.56925 -1.38908 -0.38131 -0.09369  0.19327 -1.18008 -0.24501  0.34695 -1.01443 -0.40040 -0.01677  0.56747 -0.40040 -0.25890  0.17640 
2014 09 12 13 43 44.78500 1 -1.77408 -0.08754 -0.09989  0.10040  0.19392 -0.78786 -0.06470 -0.15048  0.65550 -1.24476 -0.28421 -0.08762  0.26355 -0.96552 -0.13417  0.32854 -0.89802 -0.27300 -0.02256  0.54906 -0.40040 -0.25890  0.19208 
2014 09 12 13 43 44.80100 1 -1.77408 -0.08754 -0.02854  0.10040  0.25856 -0.65655 -0.02633 -0.13697  0.65550 -1.17260 -0.24066 -0.09207  0.26355 -0.87612 -0.09669  0.32409 -0.81487 -0.16380 -0.01926  0.52077 -0.40040 -0.25890  0.19208 
2014 09 12 13 43 44.81600 1 -1.71072 -0.08754  0.04281  0.10040  0.25856 -0.56901 -0.00688 -0.13697  0.72450 -1.11848 -0.21018 -0.09207  0.26355 -0.78672 -0.06431  0.32409 -0.68183 -0.16380 -0.01926  0.52077 -0.40040 -0.25890  0.19208 
2014 09 12 13 43 44.83200 1 -1.71072 -0.08754  0.11416  0.10040  0.32320 -0.51065 -0.00337 -0.12009  0.72450 -1.11848 -0.21018 -0.09764  0.33383 -0.69732 -0.03706  0.31852 -0.59868 -0.16380 -0.01926  0.49136 -0.40040 -0.25890  0.19208 
2014 09 12 13 43 44.84800 1 -1.64736 -0.01459  0.11416  0.10040  0.32320 -0.51065 -0.00337 -0.12009  0.72450 -1.04632 -0.17246 -0.09764  0.33383 -0.69732 -0.03706  0.31852 -0.59868 -0.16380 -0.01926  0.49136 -0.40040 -0.25890  0.19208 
2014 09 12 13 43 44.86300 1 -1.64736 -0.01459  0.11416  0.07530  0.32320 -0.51065 -0.00337 -0.09714  0.79350 -1.04632 -0.17246 -0.09714  0.33383 -0.62580 -0.01893  0.29454 -0.49890 -0.16380 -0.01926  0.46738 -0.40040 -0.25890  0.19208 
2014 09 12 13 43 44.87900 1 -1.58400 -0.01459  0.11416  0.07530  0.38784 -0.51065 -0.00337 -0.08025  0.79350 -1.04632 -0.17246 -0.10270  0.33383 -0.62580 -0.01893  0.28898 -0.43238 -0.16380 -0.01926  0.43202 -0.40040 -0.25890  0.19208 
2014 09 12 13 43 44.89400 1 -1.58400 -0.01459  0.11416  0.07530  0.38784 -0.51065 -0.00337 -0.07267  0.79350 -1.04632 -0.17246 -0.09512  0.33383 -0.62580 -0.01893  0.26596 -0.43238 -0.16380 -0.01926  0.40900 -0.43680 -0.25890  0.19208 
2014 09 12 13 43 44.91000 1 -1.58400  0.04377  0.11416  0.07530  0.38784 -0.51065 -0.00337 -0.04971  0.79350 -1.04632 -0.17246 -0.09461  0.33383 -0.62580 -0.01893  0.24199 -0.36586 -0.16380 -0.01926  0.35523 -0.43680 -0.25890  0.19208 
2014 09 12 13 43 44.92600 1 -1.58400  0.04377  0.11416  0.07530  0.38784 -0.51065 -0.00337 -0.04364  0.79350 -1.04632 -0.17246 -0.08854  0.33383 -0.62580 -0.01893  0.22358 -0.29934 -0.23660 -0.02231  0.31298 -0.43680 -0.25890  0.19208 
2014 09 12 13 43 44.94100 1 -1.52064  0.04377  0.11416  0.05522  0.38784 -0.51065 -0.00337 -0.02676  0.79350 -1.04632 -0.17246 -0.09411  0.33383 -0.62580 -0.01893  0.21801 -0.29934 -0.23660 -0.02231  0.30741 -0.43680 -0.25890  0.19208 
2014 09 12 13 43 44.97200 1 -1.52064  0.10213  0.11416  0.05522  0.32320 -0.51065 -0.00337  0.00378  0.72450 -1.04632 -0.17246 -0.08602  0.26355 -0.69732 -0.03706  0.17102 -0.21619 -0.30940 -0.02196  0.21274 -0.47320 -0.25890  0.19208 
2014 09 12 13 43 44.98800 1 -1.52064  0.10213  0.11416  0.03514  0.25856 -0.51065 -0.00337  0.02336  0.65550 -1.04632 -0.17246 -0.08440  0.26355 -0.69732 -0.03706  0.14816 -0.21619 -0.30940 -0.02196  0.16604 -0.51870 -0.25890  0.19208 
2014 09 12 13 43 45.00400 1 -1.52064  0.10213  0.11416  0.03514  0.19392 -0.51065 -0.00337  0.02943  0.56925 -1.04632 -0.17246 -0.07833  0.19327 -0.69732 -0.03706  0.12975 -0.21619 -0.30940 -0.02196  0.14763 -0.51870 -0.25890  0.19208 
2014 09 12 13 43 45.01900 1 -1.52064  0.10213  0.11416  0.01506  0.09696 -0.51065 -0.00337  0.05239  0.46575 -0.97416 -0.13807 -0.07782  0.19327 -0.69732 -0.03706  0.10578 -0.21619 -0.30940 -0.02196  0.09982 -0.51870 -0.25890  0.19208 
2014 09 12 13 43 45.03500 1 -1.52064  0.10213  0.11416  0.01506  0.09696 -0.45229 -0.01143  0.07348  0.37950 -0.97416 -0.13807 -0.07469  0.12299 -0.69732 -0.03706  0.07831 -0.21619 -0.30940 -0.02196  0.07235 -0.55510 -0.25890  0.19208 
2014 09 12 13 43 45.05000 1 -1.52064  0.10213  0.11416  0.01506  0.03232 -0.45229 -0.01143  0.07348  0.37950 -0.97416 -0.13807 -0.07469  0.12299 -0.69732 -0.03706  0.07831 -0.21619 -0.30940 -0.02196  0.07235 -0.55510 -0.25890  0.19208 
2014 09 12 13 43 45.06600 1 -1.52064  0.10213  0.11416  0.01506  0.03232 -0.45229 -0.01143  0.07955  0.29325 -0.90200 -0.10701 -0.06862  0.12299 -0.69732 -0.03706  0.05990 -0.21619 -0.30940 -0.02196  0.03010 -0.55510 -0.25890  0.19208 
2014 09 12 13 43 45.08200 1 -1.52064  0.10213  0.11416  0.01506 -0.03232 -0.45229 -0.01143  0.07955  0.29325 -0.90200 -0.10701 -0.06862  0.12299 -0.69732 -0.03706  0.05990 -0.21619 -0.30940 -0.02196  0.03010 -0.55510 -0.25890  0.19208 
2014 09 12 13 43 45.09700 1 -1.52064  0.10213  0.11416  0.01506 -0.03232 -0.45229 -0.01143  0.07955  0.20700 -0.90200 -0.10701 -0.06862  0.03514 -0.69732 -0.03706  0.05990 -0.21619 -0.30940 -0.02196  0.03010 -0.59150 -0.25890  0.19208 
2014 09 12 13 43 45.11300 1 -1.52064  0.10213  0.11416 -0.01004 -0.09696 -0.45229 -0.01143  0.09643  0.20700 -0.90200 -0.10701 -0.07419  0.03514 -0.69732 -0.03706  0.05433 -0.21619 -0.30940 -0.02196  0.02453 -0.59150 -0.25890  0.19208 
2014 09 12 13 43 45.12800 1 -1.45728  0.04377  0.05708 -0.01004 -0.09696 -0.45229 -0.01143  0.10250  0.20700 -0.90200 -0.10701 -0.06812  0.03514 -0.69732 -0.03706  0.03592 -0.21619 -0.30940 -0.02196  0.00612 -0.59150 -0.25890  0.19208 
2014 09 12 13 43 45.14400 1 -1.45728  0.04377  0.05708 -0.01004 -0.09696 -0.45229 -0.01143  0.10250  0.20700 -0.90200 -0.10701 -0.06812  0.03514 -0.69732 -0.03706  0.03592 -0.21619 -0.30940 -0.02196  0.00612 -0.59150 -0.25890  0.19208 
2014 09 12 13 43 45.16000 1 -1.45728  0.04377  0.05708 -0.01004 -0.09696 -0.45229 -0.01143  0.10250  0.20700 -0.90200 -0.10701 -0.06812  0.03514 -0.69732 -0.03706  0.03592 -0.21619 -0.30940 -0.02196  0.00612 -0.59150 -0.25890  0.19208 
2014 09 12 13 43 45.17500 1 -1.39392  0.04377  0.05708 -0.01004 -0.16160 -0.45229 -0.01143  0.10250  0.20700 -0.90200 -0.10701 -0.06812  0.03514 -0.69732 -0.03706  0.03592 -0.21619 -0.30940 -0.02196  0.00612 -0.62790 -0.25890  0.17640 
2014 09 12 13 43 45.19100 1 -1.39392  0.04377  0.05708 -0.01004 -0.16160 -0.45229 -0.01143  0.10250  0.20700 -0.90200 -0.10701 -0.06812  0.03514 -0.69732 -0.03706  0.03592 -0.21619 -0.30940 -0.02196  0.00612 -0.62790 -0.25890  0.17640 
2014 09 12 13 43 45.22200 1 -1.39392  0.04377  0.05708 -0.03514 -0.16160 -0.45229 -0.01143  0.11601  0.13800 -0.82984 -0.07929 -0.07257 -0.03514 -0.62580 -0.01893  0.03147 -0.21619 -0.30940 -0.02196  0.00167 -0.62790 -0.25890  0.17640 
2014 09 12 13 43 45.23800 1 -1.39392  0.04377  0.05708 -0.03514 -0.16160 -0.45229 -0.01143  0.11601  0.13800 -0.82984 -0.07929 -0.07257 -0.03514 -0.62580 -0.01893  0.03147 -0.21619 -0.30940 -0.02196  0.00167 -0.66430 -0.25890  0.17640 
2014 09 12 13 43 45.25300 1 -1.33056  0.04377  0.05708 -0.03514 -0.16160 -0.45229 -0.01143  0.12952  0.13800 -0.75768 -0.05490 -0.07702 -0.03514 -0.55428 -0.00408  0.02702 -0.21619 -0.30940 -0.02196 -0.00278 -0.66430 -0.25890  0.17640 
2014 09 12 13 43 45.26900 1 -1.33056  0.04377  0.05708 -0.03514 -0.22624 -0.45229 -0.01143  0.12952  0.13800 -0.75768 -0.05490 -0.07702 -0.03514 -0.55428 -0.00408  0.02702 -0.21619 -0.30940 -0.02196 -0.00278 -0.66430 -0.25890  0.17640 
2014 09 12 13 43 45.28400 1 -1.33056  0.04377  0.05708 -0.03514 -0.22624 -0.45229 -0.01143  0.12952  0.13800 -0.75768 -0.05490 -0.07702 -0.03514 -0.55428 -0.00408  0.02702 -0.21619 -0.30940 -0.02196 -0.03258 -0.66430 -0.25890  0.17640 
2014 09 12 13 43 45.30000 1 -1.33056  0.04377  0.05708 -0.03514 -0.22624 -0.45229 -0.01143  0.13710  0.06900 -0.68552 -0.03384 -0.06944 -0.10542 -0.55428 -0.00408  0.00400 -0.21619 -0.30940 -0.02196 -0.05560 -0.66430 -0.25890  0.17640 
2014 09 12 13 43 45.31600 1 -1.33056  0.04377  0.05708 -0.03514 -0.22624 -0.45229 -0.01143  0.13710  0.06900 -0.68552 -0.03384 -0.06944 -0.10542 -0.55428 -0.00408  0.00400 -0.21619 -0.30940 -0.02196 -0.05560 -0.66430 -0.25890  0.17640 
2014 09 12 13 43 45.33100 1 -1.33056  0.04377  0.05708 -0.03514 -0.22624 -0.45229 -0.01143  0.15061  0.06900 -0.68552 -0.03384 -0.07389 -0.10542 -0.55428 -0.00408 -0.00045 -0.21619 -0.30940 -0.02196 -0.06005 -0.66430 -0.25890  0.17640 
2014 09 12 13 43 45.34700 1 -1.33056  0.04377  0.05708 -0.03514 -0.29088 -0.45229 -0.01143  0.15061  0.06900 -0.68552 -0.03384 -0.07389 -0.10542 -0.55428 -0.00408 -0.00045 -0.21619 -0.30940 -0.02196 -0.06005 -0.66430 -0.25890  0.17640 
2014 09 12 13 43 45.36200 1 -1.33056  0.04377  0.05708 -0.03514 -0.29088 -0.45229 -0.01143  0.15061  0.06900 -0.68552 -0.03384 -0.07389 -0.10542 -0.48276 -0.00749 -0.00045 -0.21619 -0.30940 -0.02196 -0.06005 -0.66430 -0.25890  0.17640 
2014 09 12 13 43 45.37800 1 -1.25136  0.04377 -0.00000 -0.05522 -0.29088 -0.45229 -0.01143  0.15061  0.06900 -0.68552 -0.03384 -0.07389 -0.10542 -0.48276 -0.00749 -0.00045 -0.21619 -0.30940 -0.02196 -0.06005 -0.66430 -0.25890  0.17640 
2014 09 12 13 43 45.39400 1 -1.25136  0.04377 -0.00000 -0.05522 -0.29088 -0.45229 -0.01143  0.15061  0.06900 -0.68552 -0.03384 -0.07389 -0.10542 -0.48276 -0.00749 -0.00045 -0.21619 -0.30940 -0.02196 -0.06005 -0.66430 -0.25890  0.17640 
2014 09 12 13 43 45.40900 1 -1.25136  0.04377 -0.00000 -0.05522 -0.29088 -0.45229 -0.01143  0.15061  0.06900 -0.68552 -0.03384 -0.07389 -0.10542 -0.48276 -0.00749 -0.00045 -0.21619 -0.30940 -0.02196 -0.06005 -0.66430 -0.25890  0.17640 
2014 09 12 13 43 45.42500 1 -1.25136  0.04377 -0.00000 -0.05522 -0.29088 -0.45229 -0.01143  0.15061 -0.01725 -0.68552 -0.03384 -0.07389 -0.10542 -0.48276 -0.00749 -0.00045 -0.21619 -0.30940 -0.02196 -0.06005 -0.66430 -0.25890  0.17640 
2014 09 12 13 43 45.45600 1 -1.25136 -0.01459 -0.00000 -0.05522 -0.29088 -0.45229 -0.01143  0.15061 -0.01725 -0.68552 -0.03384 -0.07389 -0.10542 -0.48276 -0.00749 -0.00045 -0.21619 -0.30940 -0.02196 -0.06005 -0.66430 -0.25890  0.17640 
2014 09 12 13 43 45.47200 1 -1.18800 -0.01459 -0.00000 -0.07530 -0.29088 -0.45229 -0.01143  0.15061 -0.01725 -0.68552 -0.03384 -0.07389 -0.10542 -0.48276 -0.00749 -0.00045 -0.21619 -0.30940 -0.02196 -0.08389 -0.70070 -0.25890  0.17640 
2014 09 12 13 43 45.48700 1 -1.18800 -0.01459 -0.00000 -0.07530 -0.29088 -0.45229 -0.01143  0.15061 -0.08625 -0.61336 -0.01612 -0.07389 -0.17570 -0.41124 -0.01579 -0.00045 -0.21619 -0.21840 -0.02186 -0.08389 -0.70070 -0.25890  0.17640 
2014 09 12 13 43 45.50300 1 -1.18800 -0.01459 -0.00000 -0.07530 -0.29088 -0.45229 -0.01143  0.15061 -0.08625 -0.61336 -0.01612 -0.07389 -0.17570 -0.41124 -0.01579 -0.00045 -0.21619 -0.21840 -0.02186 -0.08389 -0.70070 -0.25890  0.17640 
2014 09 12 13 43 45.51800 1 -1.15632 -0.01459 -0.00000 -0.07530 -0.29088 -0.45229 -0.01143  0.15061 -0.08625 -0.54120 -0.00172 -0.07389 -0.17570 -0.41124 -0.01579 -0.00045 -0.21619 -0.21840 -0.02186 -0.08389 -0.70070 -0.25890  0.17640 
2014 09 12 13 43 45.53400 1 -1.15632 -0.01459 -0.00000 -0.09538 -0.35552 -0.45229 -0.01143  0.15820 -0.15525 -0.54120 -0.00172 -0.06630 -0.17570 -0.33972 -0.02082 -0.02346 -0.21619 -0.21840 -0.02186 -0.10690 -0.70070 -0.25890  0.17640 
2014 09 12 13 43 45.55000 1 -1.15632 -0.01459 -0.00000 -0.09538 -0.35552 -0.45229 -0.01143  0.15820 -0.15525 -0.54120 -0.00172 -0.06630 -0.17570 -0.33972 -0.02082 -0.02346 -0.21619 -0.21840 -0.02186 -0.10690 -0.70070 -0.25890  0.17640 
2014 09 12 13 43 45.56500 1 -1.15632 -0.01459 -0.00000 -0.11546 -0.35552 -0.39393 -0.01731  0.15820 -0.15525 -0.46904 -0.00934 -0.06630 -0.17570 -0.33972 -0.02082 -0.02346 -0.28271 -0.21840 -0.02186 -0.10690 -0.70070 -0.25890  0.17640 
2014 09 12 13 43 45.58100 1 -1.15632 -0.01459 -0.00000 -0.13554 -0.35552 -0.39393 -0.01731  0.15820 -0.15525 -0.46904 -0.00934 -0.06630 -0.17570 -0.26820 -0.02258 -0.02346 -0.28271 -0.14560 -0.01797 -0.10690 -0.70070 -0.25890  0.17640 
2014 09 12 13 43 45.59600 1 -1.09296 -0.01459 -0.00000 -0.13554 -0.35552 -0.39393 -0.01731  0.15820 -0.15525 -0.46904 -0.00934 -0.06630 -0.17570 -0.26820 -0.02258 -0.02346 -0.28271 -0.14560 -0.01797 -0.10690 -0.70070 -0.25890  0.17640 
2014 09 12 13 43 45.61200 1 -1.09296 -0.01459 -0.00000 -0.15562 -0.35552 -0.33557 -0.02101  0.17778 -0.15525 -0.39688 -0.01707 -0.06468 -0.24598 -0.26820 -0.02258 -0.04632 -0.28271 -0.14560 -0.01797 -0.12976 -0.70070 -0.25890  0.17640 
2014 09 12 13 43 45.62800 1 -1.09296 -0.01459 -0.00000 -0.18072 -0.35552 -0.33557 -0.02101  0.17778 -0.15525 -0.39688 -0.01707 -0.06468 -0.24598 -0.26820 -0.02258 -0.04632 -0.28271 -0.14560 -0.01797 -0.12976 -0.70070 -0.25890  0.17640 
2014 09 12 13 43 45.64300 1 -1.09296 -0.01459 -0.00000 -0.18072 -0.35552 -0.33557 -0.02101  0.17778 -0.15525 -0.39688 -0.01707 -0.06468 -0.24598 -0.26820 -0.02258 -0.04632 -0.28271 -0.14560 -0.01797 -0.12976 -0.66430 -0.25890  0.17640 
2014 09 12 13 43 45.65900 1 -1.09296 -0.01459 -0.00000 -0.18072 -0.35552 -0.33557 -0.02101  0.17778 -0.15525 -0.39688 -0.01707 -0.06468 -0.24598 -0.26820 -0.02258 -0.04632 -0.28271 -0.14560 -0.01797 -0.12976 -0.66430 -0.25890  0.17640 
2014 09 12 13 43 45.67400 1 -1.09296 -0.01459 -0.00000 -0.20582 -0.35552 -0.27721 -0.02254  0.18385 -0.15525 -0.39688 -0.01707 -0.05861 -0.24598 -0.26820 -0.02258 -0.06473 -0.21619 -0.14560 -0.01797 -0.14817 -0.66430 -0.25890  0.17640 
2014 09 12 13 43 45.70600 1 -1.02960 -0.01459 -0.00000 -0.24598 -0.29088 -0.21885 -0.02188  0.18385 -0.15525 -0.32472 -0.02146 -0.05861 -0.17570 -0.26820 -0.02258 -0.06473 -0.21619 -0.14560 -0.01797 -0.14817 -0.62790 -0.25890  0.17640 
2014 09 12 13 43 45.72100 1 -1.02960  0.04377 -0.00000 -0.26104 -0.29088 -0.21885 -0.02188  0.19735 -0.08625 -0.32472 -0.02146 -0.06307 -0.17570 -0.26820 -0.02258 -0.06919 -0.21619 -0.14560 -0.01797 -0.15263 -0.59150 -0.25890  0.17640 
2014 09 12 13 43 45.73700 1 -1.02960  0.04377 -0.00000 -0.28112 -0.22624 -0.16049 -0.01904  0.20342 -0.08625 -0.32472 -0.02146 -0.05700 -0.17570 -0.26820 -0.02258 -0.08760 -0.21619 -0.14560 -0.01797 -0.17104 -0.59150 -0.25890  0.17640 
2014 09 12 13 43 45.75200 1 -1.02960  0.04377 -0.00000 -0.30120 -0.22624 -0.16049 -0.01904  0.20342 -0.08625 -0.25256 -0.02252 -0.05700 -0.17570 -0.26820 -0.02258 -0.08760 -0.21619 -0.07280 -0.01068 -0.17104 -0.59150 -0.25890  0.17640 
2014 09 12 13 43 45.76800 1 -0.96624  0.04377 -0.00000 -0.32128 -0.22624 -0.16049 -0.01904  0.20342 -0.08625 -0.25256 -0.02252 -0.05700 -0.17570 -0.26820 -0.02258 -0.08760 -0.13304 -0.07280 -0.01068 -0.17104 -0.59150 -0.25890  0.17640 
2014 09 12 13 43 45.78400 1 -0.96624  0.04377 -0.00000 -0.32128 -0.22624 -0.10213 -0.01402  0.20342 -0.08625 -0.25256 -0.02252 -0.05700 -0.17570 -0.26820 -0.02258 -0.08760 -0.13304 -0.07280 -0.01068 -0.17104 -0.55510 -0.25890  0.17640 
2014 09 12 13 43 45.79900 1 -0.96624  0.04377 -0.00000 -0.34136 -0.22624 -0.10213 -0.01402  0.20950 -0.08625 -0.25256 -0.02252 -0.05092 -0.17570 -0.26820 -0.02258 -0.10600 -0.13304 -0.07280 -0.01068 -0.18944 -0.55510 -0.25890  0.17640 
2014 09 12 13 43 45.81500 1 -0.96624  0.04377 -0.00000 -0.36144 -0.22624 -0.10213 -0.01402  0.20950 -0.08625 -0.25256 -0.02252 -0.05092 -0.17570 -0.26820 -0.02258 -0.10600 -0.13304 -0.07280 -0.01068 -0.18944 -0.55510 -0.25890  0.17640 
2014 09 12 13 43 45.83000 1 -0.96624  0.04377 -0.00000 -0.36144 -0.22624 -0.10213 -0.01402  0.20950 -0.01725 -0.25256 -0.02252 -0.05092 -0.17570 -0.19668 -0.02106 -0.10600 -0.13304 -0.07280 -0.01068 -0.18944 -0.55510 -0.25890  0.17640 
2014 09 12 13 43 45.84600 1 -0.96624  0.04377 -0.00000 -0.38152 -0.16160 -0.10213 -0.01402  0.20950 -0.01725 -0.16236 -0.01917 -0.05092 -0.17570 -0.19668 -0.02106 -0.10600 -0.13304 -0.07280 -0.01068 -0.18944 -0.55510 -0.25890  0.17640 
2014 09 12 13 43 45.86200 1 -0.90288  0.04377 -0.00000 -0.38152 -0.16160 -0.10213 -0.01402  0.20950 -0.01725 -0.16236 -0.01917 -0.05092 -0.17570 -0.19668 -0.02106 -0.10600 -0.13304 -0.07280 -0.01068 -0.18944 -0.55510 -0.25890  0.17640 
2014 09 12 13 43 45.87700 1 -0.90288  0.04377 -0.00000 -0.38152 -0.16160 -0.10213 -0.01402  0.20950 -0.01725 -0.16236 -0.01917 -0.05092 -0.17570 -0.19668 -0.02106 -0.10600 -0.13304 -0.07280 -0.01068 -0.18944 -0.55510 -0.25890  0.17640 
2014 09 12 13 43 45.89300 1 -0.90288  0.04377 -0.00000 -0.40160 -0.16160 -0.10213 -0.01402  0.20950 -0.01725 -0.16236 -0.01917 -0.05092 -0.17570 -0.19668 -0.02106 -0.10600 -0.13304 -0.07280 -0.01068 -0.18944 -0.51870 -0.25890  0.17640 
2014 09 12 13 43 45.90800 1 -0.90288  0.04377 -0.00000 -0.40160 -0.16160 -0.10213 -0.01402  0.23059 -0.01725 -0.16236 -0.01917 -0.04779 -0.17570 -0.19668 -0.02106 -0.13347 -0.13304  0.01820  0.00320 -0.21691 -0.51870 -0.25890  0.17640 
2014 09 12 13 43 45.94000 1 -0.90288  0.04377 -0.00000 -0.40160 -0.16160 -0.10213 -0.01402  0.23059 -0.01725 -0.16236 -0.01917 -0.04779 -0.17570 -0.19668 -0.02106 -0.13347 -0.13304  0.01820  0.00320 -0.21691 -0.51870 -0.25890  0.17640 
2014 09 12 13 43 45.95500 1 -0.90288  0.04377 -0.00000 -0.40160 -0.16160 -0.10213 -0.01402  0.23059 -0.01725 -0.16236 -0.01917 -0.04779 -0.17570 -0.19668 -0.02106 -0.13347 -0.13304  0.01820  0.00320 -0.21691 -0.51870 -0.25890  0.17640 
2014 09 12 13 43 45.97100 1 -0.90288  0.04377 -0.00000 -0.40160 -0.16160 -0.10213 -0.01402  0.23059 -0.01725 -0.16236 -0.01917 -0.04779 -0.17570 -0.19668 -0.02106 -0.13347 -0.13304  0.01820  0.00320 -0.21691 -0.50960 -0.25890  0.17640 
2014 09 12 13 43 45.98600 1 -0.90288  0.04377 -0.00000 -0.40160 -0.16160 -0.10213 -0.01402  0.23059 -0.01725 -0.16236 -0.01917 -0.04779 -0.17570 -0.19668 -0.02106 -0.13347 -0.13304  0.01820  0.00320 -0.21691 -0.50960 -0.25890  0.17640 
2014 09 12 13 43 46.00200 1 -0.90288  0.04377 -0.00000 -0.40160 -0.16160 -0.10213 -0.01402  0.23666 -0.01725 -0.16236 -0.01917 -0.04172 -0.17570 -0.19668 -0.02106 -0.15188 -0.13304  0.01820  0.00320 -0.23532 -0.50960 -0.25890  0.17640 
2014 09 12 13 43 46.01800 1 -0.90288  0.04377 -0.00000 -0.40160 -0.16160 -0.10213 -0.01402  0.23666 -0.01725 -0.16236 -0.01917 -0.04172 -0.17570 -0.19668 -0.02106 -0.15188 -0.13304  0.01820  0.00320 -0.23532 -0.50960 -0.25890  0.17640 
2014 09 12 13 43 46.03300 1 -0.90288  0.04377 -0.00000 -0.40160 -0.16160 -0.10213 -0.01402  0.23666 -0.01725 -0.16236 -0.01917 -0.04172 -0.17570 -0.19668 -0.02106 -0.15188 -0.13304  0.01820  0.00320 -0.23532 -0.50960 -0.25890  0.17640 
2014 09 12 13 43 46.04900 1 -0.90288  0.04377 -0.00000 -0.40160 -0.16160 -0.10213 -0.01402  0.23666 -0.01725 -0.16236 -0.01917 -0.04172 -0.17570 -0.19668 -0.02106 -0.15188 -0.13304  0.01820  0.00320 -0.23532 -0.50960 -0.25890  0.17640 
2014 09 12 13 43 46.06400 1 -0.90288  0.04377 -0.00000 -0.43172 -0.16160 -0.10213 -0.01402  0.23666 -0.01725 -0.16236 -0.01917 -0.04172 -0.17570 -0.19668 -0.02106 -0.15188 -0.13304  0.01820  0.00320 -0.23532 -0.50960 -0.25890  0.17640 
2014 09 12 13 43 46.08000 1 -0.80784  0.04377 -0.00000 -0.46184 -0.16160 -0.10213 -0.01402  0.23666 -0.01725 -0.16236 -0.01917 -0.04172 -0.17570 -0.19668 -0.02106 -0.15188 -0.13304  0.01820  0.00320 -0.25916 -0.46410 -0.25890  0.17640 
2014 09 12 13 43 46.09600 1 -0.72864 -0.02918 -0.00000 -0.46184 -0.16160 -0.10213 -0.01402  0.23666 -0.01725 -0.16236 -0.01917 -0.04172 -0.17570 -0.19668 -0.02106 -0.15188 -0.06652  0.01820  0.00320 -0.25916 -0.40040 -0.25890  0.15680 
2014 09 12 13 43 46.11100 1 -0.72864 -0.02918 -0.00000 -0.46184 -0.16160 -0.10213 -0.01402  0.25017 -0.01725 -0.16236 -0.01917 -0.04617 -0.17570 -0.19668 -0.02106 -0.15633 -0.06652  0.01820  0.00320 -0.26361 -0.40040 -0.25890  0.15680 
2014 09 12 13 43 46.12700 1 -0.72864 -0.02918 -0.00000 -0.46184 -0.16160 -0.10213 -0.01402  0.25017 -0.01725 -0.16236 -0.01917 -0.04617 -0.17570 -0.19668 -0.02106 -0.15633 -0.06652  0.01820  0.00320 -0.26361 -0.40040 -0.25890  0.15680 
2014 09 12 13 43 46.14200 1 -0.72864 -0.02918 -0.00000 -0.46184 -0.16160 -0.10213 -0.01402  0.25017 -0.01725 -0.16236 -0.01917 -0.04617 -0.17570 -0.19668 -0.02106 -0.15633 -0.06652  0.01820  0.00320 -0.26361 -0.35490 -0.25890  0.15680 
2014 09 12 13 43 46.15800 1 -0.72864 -0.02918 -0.00000 -0.46184 -0.16160 -0.10213 -0.01402  0.25017 -0.01725 -0.16236 -0.01917 -0.04617 -0.17570 -0.19668 -0.02106 -0.15633 -0.06652  0.01820  0.00320 -0.26361 -0.35490 -0.25890  0.15680 
2014 09 12 13 43 46.18900 1 -0.72864 -0.02918 -0.00000 -0.46184 -0.16160 -0.10213 -0.01402  0.25017 -0.01725 -0.16236 -0.01917 -0.04617 -0.17570 -0.26820 -0.02258 -0.15633 -0.06652  0.01820  0.00320 -0.26361 -0.35490 -0.25890  0.15680 
2014 09 12 13 43 46.20500 1 -0.72864 -0.02918 -0.05708 -0.46184 -0.16160 -0.10213 -0.01402  0.25017 -0.01725 -0.16236 -0.01917 -0.04617 -0.17570 -0.26820 -0.02258 -0.15633 -0.06652  0.01820  0.00320 -0.26361 -0.31850 -0.25890  0.15680 
2014 09 12 13 43 46.22000 1 -0.72864 -0.02918 -0.05708 -0.46184 -0.16160 -0.10213 -0.01402  0.25017 -0.01725 -0.25256 -0.02252 -0.04617 -0.17570 -0.26820 -0.02258 -0.15633 -0.06652  0.01820  0.00320 -0.26361 -0.31850 -0.25890  0.15680 
2014 09 12 13 43 46.23600 1 -0.72864 -0.02918 -0.05708 -0.46184 -0.16160 -0.16049 -0.01904  0.25017 -0.01725 -0.25256 -0.02252 -0.04617 -0.17570 -0.26820 -0.02258 -0.15633 -0.06652  0.01820  0.00320 -0.26361 -0.31850 -0.25890  0.15680 
2014 09 12 13 43 46.25200 1 -0.72864 -0.02918 -0.05708 -0.46184 -0.16160 -0.16049 -0.01904  0.25017 -0.01725 -0.25256 -0.02252 -0.04617 -0.17570 -0.26820 -0.02258 -0.15633 -0.06652  0.01820  0.00320 -0.26361 -0.31850 -0.25890  0.15680 
2014 09 12 13 43 46.26700 1 -0.72864 -0.02918 -0.05708 -0.46184 -0.16160 -0.16049 -0.01904  0.25017 -0.01725 -0.25256 -0.02252 -0.04617 -0.17570 -0.33972 -0.02082 -0.15633 -0.06652  0.01820  0.00320 -0.26361 -0.28210 -0.25890  0.14112 
2014 09 12 13 43 46.28300 1 -0.72864 -0.02918 -0.05708 -0.46184 -0.16160 -0.16049 -0.01904  0.25017 -0.01725 -0.25256 -0.02252 -0.04617 -0.17570 -0.33972 -0.02082 -0.15633 -0.06652  0.01820  0.00320 -0.26361 -0.28210 -0.25890  0.14112 
2014 09 12 13 43 46.29800 1 -0.72864 -0.02918 -0.05708 -0.46184 -0.16160 -0.16049 -0.01904  0.25017 -0.01725 -0.25256 -0.02252 -0.04617 -0.17570 -0.33972 -0.02082 -0.15633 -0.06652  0.01820  0.00320 -0.26361 -0.28210 -0.25890  0.14112 
2014 09 12 13 43 46.31400 1 -0.72864 -0.02918 -0.05708 -0.46184 -0.16160 -0.16049 -0.01904  0.25017 -0.01725 -0.25256 -0.02252 -0.04617 -0.17570 -0.33972 -0.02082 -0.15633 -0.06652  0.01820  0.00320 -0.26361 -0.28210 -0.25890  0.14112 
2014 09 12 13 43 46.33000 1 -0.72864 -0.08754 -0.05708 -0.46184 -0.16160 -0.16049 -0.01904  0.25017 -0.01725 -0.25256 -0.02252 -0.04617 -0.17570 -0.33972 -0.02082 -0.15633 -0.06652  0.01820  0.00320 -0.26361 -0.28210 -0.25890  0.14112 
2014 09 12 13 43 46.34500 1 -0.72864 -0.08754 -0.05708 -0.46184 -0.16160 -0.16049 -0.01904  0.25017 -0.01725 -0.25256 -0.02252 -0.04617 -0.17570 -0.33972 -0.02082 -0.15633 -0.06652  0.01820  0.00320 -0.26361 -0.28210 -0.25890  0.14112 
2014 09 12 13 43 46.36100 1 -0.72864 -0.08754 -0.05708 -0.46184 -0.16160 -0.16049 -0.01904  0.25017 -0.01725 -0.25256 -0.02252 -0.04617 -0.17570 -0.33972 -0.02082 -0.15633 -0.06652  0.01820  0.00320 -0.26361 -0.28210 -0.25890  0.14112 
2014 09 12 13 43 46.37600 1 -0.72864 -0.08754 -0.05708 -0.46184 -0.16160 -0.16049 -0.01904  0.25017 -0.01725 -0.25256 -0.02252 -0.04617 -0.17570 -0.33972 -0.02082 -0.15633 -0.06652  0.01820  0.00320 -0.26361 -0.28210 -0.25890  0.14112 
2014 09 12 13 43 46.39200 1 -0.72864 -0.08754 -0.05708 -0.46184 -0.16160 -0.16049 -0.01904  0.25017 -0.01725 -0.25256 -0.02252 -0.04617 -0.17570 -0.33972 -0.02082 -0.15633 -0.06652  0.01820  0.00320 -0.26361 -0.28210 -0.25890  0.14112 
2014 09 12 13 43 46.40800 1 -0.72864 -0.08754 -0.05708 -0.46184 -0.16160 -0.16049 -0.01904  0.25017 -0.01725 -0.25256 -0.02252 -0.04617 -0.17570 -0.33972 -0.02082 -0.15633 -0.13304  0.01820  0.00320 -0.26361 -0.28210 -0.25890  0.14112 
2014 09 12 13 43 46.43900 1 -0.72864 -0.08754 -0.05708 -0.46184 -0.16160 -0.16049 -0.01904  0.25017 -0.01725 -0.25256 -0.02252 -0.04617 -0.17570 -0.33972 -0.02082 -0.15633 -0.13304  0.01820  0.00320 -0.26361 -0.28210 -0.25890  0.14112 
2014 09 12 13 43 46.45400 1 -0.72864 -0.08754 -0.05708 -0.46184 -0.16160 -0.16049 -0.01904  0.25017 -0.01725 -0.25256 -0.02252 -0.04617 -0.17570 -0.33972 -0.02082 -0.15633 -0.13304  0.01820  0.00320 -0.26361 -0.28210 -0.25890  0.14112 
2014 09 12 13 43 46.47000 1 -0.72864 -0.08754 -0.05708 -0.46184 -0.16160 -0.16049 -0.01904  0.25017 -0.01725 -0.25256 -0.02252 -0.04617 -0.17570 -0.33972 -0.02082 -0.15633 -0.13304  0.01820  0.00320 -0.26361 -0.28210 -0.25890  0.14112 
2014 09 12 13 43 46.48600 1 -0.72864 -0.08754 -0.05708 -0.46184 -0.16160 -0.16049 -0.01904  0.25017 -0.01725 -0.25256 -0.02252 -0.04617 -0.17570 -0.33972 -0.02082 -0.15633 -0.13304  0.01820  0.00320 -0.26361 -0.24570 -0.25890  0.14112 
2014 09 12 13 43 46.50100 1 -0.72864 -0.08754 -0.05708 -0.46184 -0.16160 -0.16049 -0.01904  0.25017 -0.01725 -0.25256 -0.02252 -0.04617 -0.17570 -0.33972 -0.02082 -0.15633 -0.13304  0.01820  0.00320 -0.26361 -0.24570 -0.25890  0.14112 
2014 09 12 13 43 46.51700 1 -0.72864 -0.08754 -0.05708 -0.46184 -0.16160 -0.16049 -0.01904  0.25017 -0.01725 -0.25256 -0.02252 -0.04617 -0.17570 -0.33972 -0.02082 -0.15633 -0.13304  0.01820  0.00320 -0.26361 -0.24570 -0.25890  0.14112 
2014 09 12 13 43 46.53200 1 -0.72864 -0.08754 -0.05708 -0.46184 -0.16160 -0.16049 -0.01904  0.25017 -0.01725 -0.25256 -0.02252 -0.04617 -0.17570 -0.33972 -0.02082 -0.15633 -0.13304  0.01820  0.00320 -0.26361 -0.24570 -0.25890  0.14112 
2014 09 12 13 43 46.54800 1 -0.66528 -0.08754 -0.05708 -0.46184 -0.16160 -0.16049 -0.01904  0.25017 -0.01725 -0.25256 -0.02252 -0.04617 -0.17570 -0.33972 -0.02082 -0.15633 -0.13304  0.01820  0.00320 -0.26361 -0.24570 -0.25890  0.14112 
2014 09 12 13 43 46.56400 1 -0.66528 -0.08754 -0.05708 -0.46184 -0.16160 -0.16049 -0.01904  0.25017 -0.01725 -0.25256 -0.02252 -0.04617 -0.17570 -0.33972 -0.02082 -0.15633 -0.13304  0.01820  0.00320 -0.26361 -0.24570 -0.25890  0.14112 
2014 09 12 13 43 46.57900 1 -0.66528 -0.08754 -0.05708 -0.46184 -0.16160 -0.16049 -0.01904  0.25017 -0.01725 -0.25256 -0.02252 -0.04617 -0.17570 -0.33972 -0.02082 -0.15633 -0.13304  0.01820  0.00320 -0.26361 -0.24570 -0.25890  0.14112 
2014 09 12 13 43 46.59500 1 -0.66528 -0.08754 -0.05708 -0.46184 -0.16160 -0.16049 -0.01904  0.25017 -0.01725 -0.25256 -0.02252 -0.04617 -0.17570 -0.33972 -0.02082 -0.15633 -0.13304  0.01820  0.00320 -0.26361 -0.24570 -0.25890  0.14112 
2014 09 12 13 43 46.61000 1 -0.66528 -0.08754 -0.05708 -0.46184 -0.16160 -0.16049 -0.01904  0.25017 -0.01725 -0.25256 -0.02252 -0.04617 -0.17570 -0.33972 -0.02082 -0.15633 -0.13304  0.01820  0.00320 -0.26361 -0.24570 -0.25890  0.14112 
2014 09 12 13 43 46.62600 1 -0.66528 -0.08754 -0.05708 -0.46184 -0.16160 -0.16049 -0.01904  0.25017 -0.01725 -0.25256 -0.02252 -0.04617 -0.17570 -0.33972 -0.02082 -0.15633 -0.13304  0.01820  0.00320 -0.26361 -0.24570 -0.25890  0.14112 
2014 09 12 13 43 46.64200 1 -0.66528 -0.08754 -0.05708 -0.46184 -0.16160 -0.16049 -0.01904  0.25017 -0.01725 -0.25256 -0.02252 -0.04617 -0.17570 -0.33972 -0.02082 -0.15633 -0.13304  0.01820  0.00320 -0.26361 -0.24570 -0.25890  0.14112 
2014 09 12 13 43 46.67300 1 -0.66528 -0.08754 -0.05708 -0.46184 -0.16160 -0.16049 -0.01904  0.25017 -0.01725 -0.25256 -0.02252 -0.04617 -0.17570 -0.33972 -0.02082 -0.15633 -0.13304  0.01820  0.00320 -0.26361 -0.24570 -0.25890  0.14112 
2014 09 12 13 43 46.68800 1 -0.66528 -0.08754 -0.05708 -0.46184 -0.16160 -0.16049 -0.01904  0.25017 -0.01725 -0.25256 -0.02252 -0.04617 -0.17570 -0.33972 -0.02082 -0.15633 -0.13304  0.01820  0.00320 -0.26361 -0.24570 -0.25890  0.14112 
2014 09 12 13 43 46.70400 1 -0.66528 -0.08754 -0.05708 -0.46184 -0.16160 -0.16049 -0.01904  0.25017 -0.01725 -0.25256 -0.02252 -0.04617 -0.17570 -0.33972 -0.02082 -0.15633 -0.13304  0.01820  0.00320 -0.26361 -0.24570 -0.25890  0.14112 
2014 09 12 13 43 46.72000 1 -0.66528 -0.08754 -0.05708 -0.46184 -0.16160 -0.16049 -0.01904  0.25017 -0.01725 -0.25256 -0.02252 -0.04617 -0.17570 -0.33972 -0.02082 -0.15633 -0.13304  0.01820  0.00320 -0.26361 -0.24570 -0.25890  0.14112 
2014 09 12 13 43 46.73500 1 -0.66528 -0.08754 -0.05708 -0.46184 -0.16160 -0.16049 -0.01904  0.25017 -0.01725 -0.25256 -0.02252 -0.04617 -0.17570 -0.33972 -0.02082 -0.15633 -0.13304  0.01820  0.00320 -0.26361 -0.24570 -0.25890  0.14112 
2014 09 12 13 43 46.75100 1 -0.66528 -0.08754 -0.05708 -0.46184 -0.16160 -0.16049 -0.01904  0.25017 -0.01725 -0.25256 -0.02252 -0.04617 -0.17570 -0.33972 -0.02082 -0.15633 -0.13304  0.01820  0.00320 -0.26361 -0.24570 -0.25890  0.14112 
2014 09 12 13 43 46.76600 1 -0.66528 -0.08754 -0.05708 -0.46184 -0.16160 -0.16049 -0.01904  0.25017 -0.01725 -0.25256 -0.02252 -0.04617 -0.17570 -0.33972 -0.02082 -0.15633 -0.13304  0.01820  0.00320 -0.26361 -0.24570 -0.25890  0.14112 
2014 09 12 13 43 46.78200 1 -0.66528 -0.08754 -0.05708 -0.46184 -0.16160 -0.16049 -0.01904  0.25017 -0.01725 -0.25256 -0.02252 -0.04617 -0.17570 -0.33972 -0.02082 -0.15633 -0.13304  0.01820  0.00320 -0.26361 -0.24570 -0.25890  0.14112 
2014 09 12 13 43 46.79800 1 -0.66528 -0.08754 -0.05708 -0.46184 -0.16160 -0.16049 -0.01904  0.25017 -0.01725 -0.25256 -0.02252 -0.04617 -0.17570 -0.33972 -0.02082 -0.15633 -0.13304  0.01820  0.00320 -0.26361 -0.24570 -0.25890  0.14112 
2014 09 12 13 43 46.81300 1 -0.66528 -0.08754 -0.05708 -0.46184 -0.16160 -0.16049 -0.01904  0.25017 -0.01725 -0.25256 -0.02252 -0.04617 -0.17570 -0.33972 -0.02082 -0.15633 -0.13304  0.01820  0.00320 -0.26361 -0.24570 -0.25890  0.14112 
2014 09 12 13 43 46.82900 1 -0.66528 -0.08754 -0.05708 -0.46184 -0.16160 -0.16049 -0.01904  0.25017 -0.01725 -0.25256 -0.02252 -0.04617 -0.17570 -0.33972 -0.02082 -0.15633 -0.13304  0.01820  0.00320 -0.26361 -0.24570 -0.25890  0.12544 
2014 09 12 13 43 46.84400 1 -0.66528 -0.08754 -0.05708 -0.46184 -0.16160 -0.16049 -0.01904  0.25017 -0.01725 -0.25256 -0.02252 -0.04617 -0.17570 -0.33972 -0.02082 -0.15633 -0.13304  0.01820  0.00320 -0.26361 -0.24570 -0.25890  0.12544 
2014 09 12 13 43 46.86000 1 -0.66528 -0.14590 -0.05708 -0.46184 -0.16160 -0.16049 -0.01904  0.25017 -0.01725 -0.25256 -0.02252 -0.04617 -0.17570 -0.33972 -0.02082 -0.15633 -0.13304  0.01820  0.00320 -0.26361 -0.24570 -0.25890  0.12544 
