2021 04 28 00 00 00.01666 1 0.42768 0.21885 -0.21405 -0.01004 0.04848 -0.23344 0.50451 -0.12892 0.50025 -0.37884 -0.04204 -0.03014 0.08785 -0.33972 0.04204 0.19018 0.14967 -0.16380 0.00988 0.30938 0.64610 0.25890 -0.04312
2021 04 28 00 00 00.03332 1 -0.53856 -0.10213 0.15697 0.03514 -0.04848 -0.11672 0.50451 -0.23697 0.06900 -0.14432 0.03153 0.00549 0.08785 -0.03576 0.04204 0.22581 0.14967 -0.21840 -0.02964 0.51785 0.64610 -0.12082 -0.04312
2021 04 28 00 00 00.04998 1 -0.53856 -0.10213 0.15697 0.03514 -0.04848 -0.11672 0.50451 -0.23697 0.06900 -0.14432 0.03153 0.00549 0.14056 -0.03576 0.04204 0.22581 0.18293 -0.21840 -0.02964 0.51785 0.64610 -0.12082 -0.04312
2021 04 28 00 00 00.06664 1 -0.53856 -0.10213 0.15697 0.03514 -0.04848 -0.11672 0.50451 -0.23697 0.10350 -0.14432 0.03153 0.00549 0.14056 -0.03576 0.04204 0.22581 0.18293 -0.21840 -0.02964 0.51785 0.64610 -0.12082 -0.04312
2021 04 28 00 00 00.08330 1 -0.53856 -0.10213 0.15697 0.03514 -0.04848 -0.11672 0.50451 -0.23697 0.10350 -0.14432 0.03153 0.00549 0.14056 -0.03576 0.04204 0.22581 0.18293 -0.21840 -0.02964 0.51785 0.64610 -0.12082 -0.04312
2021 04 28 00 00 00.09996 1 -0.53856 -0.10213 0.15697 0.03514 -0.04848 -0.11672 0.50451 -0.23697 0.10350 -0.14432 0.03153 0.00549 0.14056 -0.03576 0.04204 0.22581 0.18293 -0.21840 -0.02964 0.51785 0.64610 -0.12082 -0.04312
2021 04 28 00 00 00.11662 1 -0.53856 -0.10213 0.15697 0.03514 -0.04848 -0.11672 0.50451 -0.23697 0.10350 -0.14432 0.03153 0.00549 0.14056 -0.03576 0.04204 0.22581 0.18293 -0.21840 -0.02964 0.51785 0.64610 -0.12082 -0.04312
2021 04 28 00 00 00.13328 1 -0.53856 -0.10213 0.15697 0.03514 -0.04848 -0.11672 0.50451 -0.23697 0.10350 -0.14432 0.03153 0.00549 0.14056 -0.03576 0.04204 0.22581 0.18293 -0.21840 -0.02964 0.51785 0.64610 -0.12082 -0.04312
2021 04 28 00 00 00.14994 1 -0.53856 -0.10213 0.15697 0.03514 -0.04848 -0.11672 0.50451 -0.23697 0.10350 -0.14432 0.03153 0.00549 0.14056 -0.03576 0.04204 0.22581 0.18293 -0.21840 -0.02964 0.51785 0.64610 -0.12082 -0.04312
2021 04 28 00 00 00.16660 1 -0.53856 -0.10213 0.15697 0.03514 -0.04848 -0.11672 0.50451 -0.23697 0.10350 -0.14432 0.03153 0.00549 0.14056 -0.03576 0.04204 0.22581 0.18293 -0.21840 -0.02964 0.51785 0.64610 -0.12082 -0.04312
2021 04 28 00 00 00.18326 1 -0.53856 -0.10213 0.15697 0.03514 -0.04848 -0.11672 0.50451 -0.23697 0.10350 -0.14432 0.03153 0.00549 0.14056 -0.03576 0.04204 0.22581 0.18293 -0.21840 -0.02964 0.51785 0.64610 -0.12082 -0.04312
2021 04 28 00 00 00.19992 1 -0.53856 -0.10213 0.15697 0.03514 -0.04848 -0.11672 0.50451 -0.23697 0.10350 -0.14432 0.03153 0.00549 0.14056 -0.03576 0.04204 0.22581 0.18293 -0.21840 -0.02964 0.51785 0.64610 -0.12082 -0.04312
2021 04 28 00 00 00.21658 1 -0.53856 -0.10213 0.15697 0.03514 -0.04848 -0.11672 0.50451 -0.23697 0.10350 -0.14432 0.03153 0.00549 0.14056 -0.03576 0.04204 0.22581 0.18293 -0.21840 -0.02964 0.51785 0.64610 -0.12082 -0.04312
2021 04 28 00 00 00.23324 1 -0.53856 -0.10213 0.15697 0.03514 -0.04848 -0.11672 0.50451 -0.23697 0.10350 -0.14432 0.03153 0.00549 0.14056 -0.03576 0.04204 0.22581 0.18293 -0.21840 -0.02964 0.51785 0.64610 -0.12082 -0.04312
2021 04 28 00 00 00.24990 1 -0.53856 -0.10213 0.15697 0.03514 -0.04848 -0.11672 0.50451 -0.23697 0.10350 -0.14432 0.03153 0.00549 0.14056 -0.03576 0.04204 0.22581 0.18293 -0.21840 -0.02964 0.51785 0.64610 -0.12082 -0.04312
2021 04 28 00 00 00.26656 1 -0.53856 -0.10213 0.15697 0.03514 -0.04848 -0.11672 0.50451 -0.23697 0.10350 -0.14432 0.03153 0.00549 0.14056 -0.03576 0.04204 0.22581 0.18293 -0.21840 -0.02964 0.51785 0.64610 -0.12082 -0.04312
2021 04 28 00 00 00.28322 1 -0.53856 -0.10213 0.15697 0.03514 -0.04848 -0.11672 0.50451 -0.23697 0.10350 -0.14432 0.03153 0.00549 0.14056 -0.03576 0.04204 0.22581 0.18293 -0.21840 -0.02964 0.51785 0.64610 -0.12082 -0.04312
2021 04 28 00 00 00.29988 1 -0.53856 -0.10213 0.15697 0.03514 -0.04848 -0.11672 0.50451 -0.23697 0.10350 -0.14432 0.03153 0.00549 0.14056 -0.03576 0.04204 0.22581 0.18293 -0.21840 -0.02964 0.51785 0.64610 -0.12082 -0.04312
2021 04 28 00 00 00.31654 1 -0.53856 -0.10213 0.15697 0.03514 -0.04848 -0.11672 0.50451 -0.23697 0.10350 -0.14432 0.03153 0.00549 0.14056 -0.03576 0.04204 0.22581 0.18293 -0.21840 -0.02964 0.51785 0.64610 -0.12082 -0.04312
2021 04 28 00 00 00.33320 1 -0.53856 -0.10213 0.15697 0.03514 -0.04848 -0.11672 0.50451 -0.23697 0.10350 -0.14432 0.03153 0.00549 0.14056 -0.03576 0.04204 0.22581 0.18293 -0.21840 -0.02964 0.51785 0.64610 -0.12082 -0.04312
2021 04 28 00 00 00.34986 1 -0.53856 -0.10213 0.15697 0.03514 -0.04848 -0.11672 0.50451 -0.23697 0.10350 -0.14432 0.03153 0.00549 0.14056 -0.03576 0.04204 0.22581 0.18293 -0.21840 -0.02964 0.51785 0.64610 -0.12082 -0.04312
2021 04 28 00 00 00.36652 1 -0.53856 -0.10213 0.15697 0.03514 -0.04848 -0.11672 0.50451 -0.23697 0.10350 -0.14432 0.03153 0.00549 0.14056 -0.03576 0.04204 0.22581 0.18293 -0.21840 -0.02964 0.51785 0.64610 -0.12082 -0.04312
2021 04 28 00 00 00.38318 1 -0.53856 -0.10213 0.15697 0.03514 -0.04848 -0.11672 0.50451 -0.23697 0.10350 -0.14432 0.03153 0.00549 0.14056 -0.03576 0.04204 0.22581 0.18293 -0.21840 -0.02964 0.51785 0.64610 -0.12082 -0.04312
2021 04 28 00 00 00.39984 1 -0.53856 -0.10213 0.15697 0.03514 -0.04848 -0.11672 0.50451 -0.23697 0.10350 -0.14432 0.03153 0.00549 0.14056 -0.03576 0.04204 0.22581 0.18293 -0.21840 -0.02964 0.51785 0.64610 -0.12082 -0.04312
2021 04 28 00 00 00.41650 1 -0.53856 -0.10213 0.15697 0.03514 -0.04848 -0.11672 0.50451 -0.23697 0.10350 -0.14432 0.03153 0.00549 0.14056 -0.03576 0.04204 0.22581 0.18293 -0.21840 -0.02964 0.51785 0.64610 -0.12082 -0.04312
2021 04 28 00 00 00.43316 1 -0.53856 -0.10213 0.15697 0.03514 -0.04848 -0.11672 0.50451 -0.23697 0.10350 -0.14432 0.03153 0.00549 0.14056 -0.03576 0.04204 0.22581 0.18293 -0.21840 -0.02964 0.51785 0.64610 -0.12082 -0.04312
2021 04 28 00 00 00.44982 1 -0.53856 -0.10213 0.15697 0.03514 -0.04848 -0.11672 0.50451 -0.23697 0.10350 -0.14432 0.03153 0.00549 0.14056 -0.03576 0.04204 0.22581 0.18293 -0.21840 -0.02964 0.51785 0.64610 -0.12082 -0.04312
2021 04 28 00 00 00.46648 1 -0.53856 -0.10213 0.15697 0.03514 -0.04848 -0.11672 0.50451 -0.23697 0.10350 -0.14432 0.03153 0.00549 0.14056 -0.03576 0.04204 0.22581 0.18293 -0.21840 -0.02964 0.51785 0.64610 -0.12082 -0.04312
2021 04 28 00 00 00.48314 1 -0.53856 -0.10213 0.15697 0.03514 -0.04848 -0.11672 0.50451 -0.23697 0.10350 -0.14432 0.03153 0.00549 0.14056 -0.03576 0.04204 0.22581 0.18293 -0.21840 -0.02964 0.51785 0.64610 -0.12082 -0.04312
2021 04 28 00 00 00.49980 1 -0.53856 -0.10213 0.15697 0.03514 -0.04848 -0.11672 0.50451 -0.23697 0.10350 -0.14432 0.03153 0.00549 0.14056 -0.03576 0.04204 0.22581 0.18293 -0.21840 -0.02964 0.51785 0.64610 -0.12082 -0.04312
2021 04 28 00 00 00.51646 1 -0.53856 -0.10213 0.15697 0.03514 -0.04848 -0.11672 0.50451 -0.23697 0.10350 -0.14432 0.03153 0.00549 0.14056 -0.03576 0.04204 0.22581 0.18293 -0.21840 -0.02964 0.51785 0.64610 -0.12082 -0.04312
2021 04 28 00 00 00.53312 1 -0.53856 -0.10213 0.15697 0.03514 -0.04848 -0.11672 0.50451 -0.23697 0.10350 -0.14432 0.03153 0.00549 0.14056 -0.03576 0.04204 0.22581 0.18293 -0.21840 -0.02964 0.51785 0.64610 -0.12082 -0.04312
2021 04 28 00 00 00.54978 1 -0.53856 -0.10213 0.15697 0.03514 -0.04848 -0.11672 0.50451 -0.23697 0.10350 -0.14432 0.03153 0.00549 0.14056 -0.03576 0.04204 0.22581 0.18293 -0.21840 -0.02964 0.51785 0.64610 -0.12082 -0.04312
2021 04 28 00 00 00.56644 1 -0.53856 -0.10213 0.15697 0.03514 -0.04848 -0.11672 0.50451 -0.23697 0.10350 -0.14432 0.03153 0.00549 0.14056 -0.03576 0.04204 0.22581 0.18293 -0.21840 -0.02964 0.51785 0.64610 -0.12082 -0.04312
2021 04 28 00 00 00.58310 1 -0.53856 -0.10213 0.15697 0.03514 -0.04848 -0.11672 0.50451 -0.23697 0.10350 -0.14432 0.03153 0.00549 0.14056 -0.03576 0.04204 0.22581 0.18293 -0.21840 -0.02964 0.51785 0.64610 -0.12082 -0.04312
2021 04 28 00 00 00.59976 1 -0.53856 -0.10213 0.15697 0.03514 -0.04848 -0.11672 0.50451 -0.23697 0.10350 -0.14432 0.03153 0.00549 0.14056 -0.03576 0.04204 0.22581 0.18293 -0.21840 -0.02964 0.51785 0.64610 -0.12082 -0.04312
2021 04 28 00 00 00.61642 1 -0.53856 -0.10213 0.15697 0.03514 -0.04848 -0.11672 0.50451 -0.23697 0.10350 -0.14432 0.03153 0.00549 0.14056 -0.03576 0.04204 0.22581 0.18293 -0.21840 -0.02964 0.51785 0.64610 -0.12082 -0.04312
2021 04 28 00 00 00.63308 1 -0.53856 -0.10213 0.15697 0.03514 -0.04848 -0.11672 0.50451 -0.23697 0.10350 -0.14432 0.03153 0.00549 0.14056 -0.03576 0.04204 0.22581 0.18293 -0.21840 -0.02964 0.51785 0.64610 -0.12082 -0.04312
2021 04 28 00 00 00.64974 1 -0.53856 -0.10213 0.15697 0.03514 -0.04848 -0.11672 0.50451 -0.23697 0.10350 -0.14432 0.03153 0.00549 0.14056 -0.03576 0.04204 0.22581 0.18293 -0.21840 -0.02964 0.51785 0.64610 -0.12082 -0.04312
2021 04 28 00 00 00.66640 1 -0.53856 -0.10213 0.15697 0.03514 -0.04848 -0.11672 0.50451 -0.23697 0.10350 -0.14432 0.03153 0.00549 0.14056 -0.03576 0.04204 0.22581 0.18293 -0.21840 -0.02964 0.51785 0.64610 -0.12082 -0.04312
2021 04 28 00 00 00.68306 1 -0.53856 -0.10213 0.15697 0.03514 -0.04848 -0.11672 0.50451 -0.23697 0.10350 -0.14432 0.03153 0.00549 0.14056 -0.03576 0.04204 0.22581 0.18293 -0.21840 -0.02964 0.51785 0.64610 -0.12082 -0.04312
2021 04 28 00 00 00.69972 1 -0.53856 -0.10213 0.15697 0.03514 -0.04848 -0.11672 0.50451 -0.23697 0.10350 -0.14432 0.03153 0.00549 0.14056 -0.03576 0.04204 0.22581 0.18293 -0.21840 -0.02964 0.51785 0.64610 -0.12082 -0.04312
2021 04 28 00 00 00.71638 1 -0.53856 -0.10213 0.15697 0.03514 -0.04848 -0.11672 0.50451 -0.23697 0.10350 -0.14432 0.03153 0.00549 0.14056 -0.03576 0.04204 0.22581 0.18293 -0.21840 -0.02964 0.51785 0.64610 -0.12082 -0.04312
2021 04 28 00 00 00.73304 1 -0.53856 -0.10213 0.15697 0.03514 -0.04848 -0.11672 0.50451 -0.23697 0.10350 -0.14432 0.03153 0.00549 0.14056 -0.03576 0.04204 0.22581 0.18293 -0.21840 -0.02964 0.51785 0.64610 -0.12082 -0.04312
2021 04 28 00 00 00.74970 1 -0.53856 -0.10213 0.15697 0.03514 -0.04848 -0.11672 0.50451 -0.23697 0.10350 -0.14432 0.03153 0.00549 0.14056 -0.03576 0.04204 0.22581 0.18293 -0.21840 -0.02964 0.51785 0.64610 -0.12082 -0.04312
2021 04 28 00 00 00.76636 1 -0.53856 -0.10213 0.15697 0.03514 -0.04848 -0.11672 0.50451 -0.23697 0.10350 -0.14432 0.03153 0.00549 0.14056 -0.03576 0.04204 0.22581 0.18293 -0.21840 -0.02964 0.51785 0.64610 -0.12082 -0.04312
2021 04 28 00 00 00.78302 1 -0.53856 -0.10213 0.15697 0.03514 -0.04848 -0.11672 0.50451 -0.23697 0.10350 -0.14432 0.03153 0.00549 0.14056 -0.03576 0.04204 0.22581 0.18293 -0.21840 -0.02964 0.51785 0.64610 -0.12082 -0.04312
2021 04 28 00 00 00.79968 1 -0.53856 -0.10213 0.15697 0.03514 -0.04848 -0.11672 0.50451 -0.23697 0.10350 -0.14432 0.03153 0.00549 0.14056 -0.03576 0.04204 0.22581 0.18293 -0.21840 -0.02964 0.51785 0.64610 -0.12082 -0.04312
2021 04 28 00 00 00.81634 1 -0.53856 -0.10213 0.15697 0.03514 -0.04848 -0.11672 0.50451 -0.23697 0.10350 -0.14432 0.03153 0.00549 0.14056 -0.03576 0.04204 0.22581 0.18293 -0.21840 -0.02964 0.51785 0.64610 -0.12082 -0.04312
2021 04 28 00 00 00.83300 1 -0.53856 -0.10213 0.15697 0.03514 -0.04848 -0.11672 0.50451 -0.23697 0.10350 -0.14432 0.03153 0.00549 0.14056 -0.03576 0.04204 0.22581 0.18293 -0.21840 -0.02964 0.51785 0.64610 -0.12082 -0.04312
2021 04 28 00 00 00.84966 1 -0.53856 -0.10213 0.15697 0.03514 -0.04848 -0.11672 0.50451 -0.23697 0.10350 -0.14432 0.03153 0.00549 0.14056 -0.03576 0.04204 0.22581 0.18293 -0.21840 -0.02964 0.51785 0.64610 -0.12082 -0.04312
2021 04 28 00 00 00.86632 1 -0.53856 -0.10213 0.15697 0.03514 -0.04848 -0.11672 0.50451 -0.23697 0.10350 -0.14432 0.03153 0.00549 0.14056 -0.03576 0.04204 0.22581 0.18293 -0.21840 -0.02964 0.51785 0.64610 -0.12082 -0.04312
2021 04 28 00 00 00.88298 1 -0.53856 -0.10213 0.15697 0.03514 -0.04848 -0.11672 0.50451 -0.23697 0.10350 -0.14432 0.03153 0.00549 0.14056 -0.03576 0.04204 0.22581 0.18293 -0.21840 -0.02964 0.51785 0.64610 -0.12082 -0.04312
2021 04 28 00 00 00.89964 1 -0.53856 -0.10213 0.15697 0.03514 -0.04848 -0.11672 0.50451 -0.23697 0.10350 -0.14432 0.03153 0.00549 0.14056 -0.03576 0.04204 0.22581 0.18293 -0.21840 -0.02964 0.51785 0.64610 -0.12082 -0.04312
2021 04 28 00 00 00.91630 1 -0.53856 -0.10213 0.15697 0.03514 -0.04848 -0.11672 0.50451 -0.23697 0.10350 -0.14432 0.03153 0.00549 0.14056 -0.03576 0.04204 0.22581 0.18293 -0.21840 -0.02964 0.51785 0.64610 -0.12082 -0.04312
2021 04 28 00 00 00.93296 1 -0.53856 -0.10213 0.15697 0.03514 -0.04848 -0.11672 0.50451 -0.23697 0.10350 -0.14432 0.03153 0.00549 0.14056 -0.03576 0.04204 0.22581 0.18293 -0.21840 -0.02964 0.51785 0.64610 -0.12082 -0.04312
2021 04 28 00 00 00.94962 1 -0.53856 -0.10213 0.15697 0.03514 -0.04848 -0.11672 0.50451 -0.23697 0.10350 -0.14432 0.03153 0.00549 0.14056 -0.03576 0.04204 0.22581 0.18293 -0.21840 -0.02964 0.51785 0.64610 -0.12082 -0.04312
2021 04 28 00 00 00.96628 1 -0.53856 -0.10213 0.15697 0.03514 -0.04848 -0.11672 0.50451 -0.23697 0.10350 -0.14432 0.03153 0.00549 0.14056 -0.03576 0.04204 0.22581 0.18293 -0.21840 -0.02964 0.51785 0.64610 -0.12082 -0.04312
2021 04 28 00 00 00.98294 1 -0.53856 -0.10213 0.15697 0.03514 -0.04848 -0.11672 0.50451 -0.23697 0.10350 -0.14432 0.03153 0.00549 0.14056 -0.03576 0.04204 0.22581 0.18293 -0.21840 -0.02964 0.51785 0.64610 -0.12082 -0.04312
2021 04 28 00 00 00.99960 1 -0.53856 -0.10213 0.15697 0.03514 -0.04848 -0.11672 0.50451 -0.23697 0.10350 -0.14432 0.03153 0.00549 0.14056 -0.03576 0.04204 0.22581 0.18293 -0.21840 -0.02964 0.51785 0.64610 -0.12082 -0.04312
2021 04 28 00 00 01.01626 1 -0.50688 -0.10213 0.15697 0.03514 -0.04848 -0.11672 0.50451 -0.23697 0.10350 -0.14432 0.03153 0.00549 0.14056 -0.03576 0.04204 0.22581 0.18293 -0.21840 -0.02964 0.51785 0.64610 -0.12082 -0.04312
2021 04 28 00 00 01.03292 1 -0.50688 -0.10213 0.15697 0.03514 -0.04848 -0.11672 0.50451 -0.23697 0.10350 -0.14432 0.03153 0.00549 0.14056 -0.03576 0.04204 0.22581 0.18293 -0.21840 -0.02964 0.51785 0.64610 -0.12082 -0.04312
2021 04 28 00 00 01.04958 1 -0.50688 -0.10213 0.15697 0.03514 -0.04848 -0.11672 0.50451 -0.23697 0.10350 -0.14432 0.03153 0.00549 0.14056 -0.03576 0.04204 0.22581 0.18293 -0.21840 -0.02964 0.51785 0.64610 -0.12082 -0.04312
2021 04 28 00 00 01.06624 1 -0.50688 -0.10213 0.15697 0.03514 -0.04848 -0.11672 0.50451 -0.23697 0.10350 -0.14432 0.03153 0.00549 0.14056 -0.03576 0.04204 0.22581 0.18293 -0.21840 -0.02964 0.51785 0.64610 -0.12082 -0.04312
2021 04 28 00 00 01.08290 1 -0.50688 -0.10213 0.15697 0.03514 -0.04848 -0.11672 0.50451 -0.23697 0.10350 -0.14432 0.03153 0.00549 0.14056 -0.03576 0.04204 0.22581 0.18293 -0.21840 -0.02964 0.51785 0.64610 -0.12082 -0.04312
2021 04 28 00 00 01.09956 1 -0.50688 -0.10213 0.15697 0.03514 -0.04848 -0.11672 0.50451 -0.23697 0.10350 -0.14432 0.03153 0.00549 0.14056 -0.03576 0.04204 0.22581 0.18293 -0.21840 -0.02964 0.51785 0.64610 -0.12082 -0.04312
2021 04 28 00 00 01.11622 1 -0.50688 -0.10213 0.15697 0.03514 -0.04848 -0.11672 0.50451 -0.23697 0.10350 -0.14432 0.03153 0.00549 0.14056 -0.03576 0.04204 0.22581 0.18293 -0.21840 -0.02964 0.51785 0.64610 -0.12082 -0.04312
2021 04 28 00 00 01.13288 1 -0.50688 -0.10213 0.15697 0.03514 -0.04848 -0.11672 0.50451 -0.23697 0.10350 -0.14432 0.03153 0.00549 0.14056 -0.03576 0.04204 0.22581 0.18293 -0.21840 -0.02964 0.51785 0.64610 -0.12082 -0.04312
2021 04 28 00 00 01.14954 1 -0.50688 -0.10213 0.15697 0.03514 -0.04848 -0.11672 0.50451 -0.23697 0.10350 -0.14432 0.03153 0.00549 0.14056 -0.03576 0.04204 0.22581 0.18293 -0.21840 -0.02964 0.51785 0.64610 -0.12082 -0.04312
2021 04 28 00 00 01.16620 1 -0.50688 -0.10213 0.15697 0.03514 -0.04848 -0.11672 0.50451 -0.23697 0.10350 -0.14432 0.03153 0.00549 0.14056 -0.03576 0.04204 0.22581 0.18293 -0.21840 -0.02964 0.51785 0.64610 -0.12082 -0.04312
2021 04 28 00 00 01.18286 1 -0.50688 -0.10213 0.15697 0.03514 -0.04848 -0.11672 0.50451 -0.23697 0.10350 -0.14432 0.03153 0.00549 0.14056 -0.03576 0.04204 0.22581 0.18293 -0.21840 -0.02964 0.51785 0.64610 -0.12082 -0.04312
2021 04 28 00 00 01.19952 1 -0.50688 -0.10213 0.15697 0.03514 -0.04848 -0.11672 0.50451 -0.23697 0.10350 -0.14432 0.03153 0.00549 0.14056 -0.03576 0.04204 0.22581 0.18293 -0.21840 -0.02964 0.51785 0.64610 -0.12082 -0.04312
2021 04 28 00 00 01.21618 1 -0.50688 -0.10213 0.15697 0.03514 -0.04848 -0.11672 0.50451 -0.23697 0.10350 -0.14432 0.03153 0.00549 0.14056 -0.03576 0.04204 0.22581 0.18293 -0.21840 -0.02964 0.51785 0.64610 -0.12082 -0.04312
2021 04 28 00 00 01.23284 1 -0.50688 -0.10213 0.15697 0.03514 -0.04848 -0.11672 0.50451 -0.23697 0.10350 -0.14432 0.03153 0.00549 0.14056 -0.03576 0.04204 0.22581 0.18293 -0.21840 -0.02964 0.51785 0.64610 -0.12082 -0.04312
2021 04 28 00 00 01.24950 1 -0.50688 -0.10213 0.15697 0.03514 -0.04848 -0.11672 0.50451 -0.23697 0.10350 -0.14432 0.03153 0.00549 0.14056 -0.03576 0.04204 0.22581 0.18293 -0.21840 -0.02964 0.51785 0.64610 -0.12082 -0.04312
2021 04 28 00 00 01.26616 1 -0.50688 -0.10213 0.15697 0.03514 -0.04848 -0.11672 0.50451 -0.23697 0.10350 -0.14432 0.03153 0.00549 0.14056 -0.03576 0.04204 0.22581 0.18293 -0.21840 -0.02964 0.51785 0.64610 -0.12082 -0.04312
2021 04 28 00 00 01.28282 1 -0.50688 -0.10213 0.15697 0.03514 -0.04848 -0.11672 0.50451 -0.23697 0.10350 -0.14432 0.03153 0.00549 0.14056 -0.03576 0.04204 0.22581 0.18293 -0.21840 -0.02964 0.51785 0.64610 -0.12082 -0.04312
2021 04 28 00 00 01.29948 1 -0.50688 -0.10213 0.15697 0.03514 -0.04848 -0.11672 0.50451 -0.23697 0.10350 -0.14432 0.03153 0.00549 0.14056 -0.03576 0.04204 0.22581 0.18293 -0.21840 -0.02964 0.51785 0.64610 -0.12082 -0.04312
2021 04 28 00 00 01.31614 1 -0.50688 -0.10213 0.15697 0.03514 -0.04848 -0.11672 0.50451 -0.23697 0.10350 -0.14432 0.03153 0.00549 0.14056 -0.03576 0.04204 0.22581 0.18293 -0.21840 -0.02964 0.51785 0.64610 -0.12082 -0.04312
2021 04 28 00 00 01.33280 1 -0.50688 -0.10213 0.15697 0.03514 -0.04848 -0.11672 0.50451 -0.23697 0.10350 -0.14432 0.03153 0.00549 0.14056 -0.03576 0.04204 0.22581 0.18293 -0.21840 -0.02964 0.51785 0.64610 -0.12082 -0.04312
2021 04 28 00 00 01.34946 1 -0.50688 -0.10213 0.15697 0.03514 -0.04848 -0.11672 0.50451 -0.23697 0.10350 -0.14432 0.03153 0.00549 0.14056 -0.03576 0.04204 0.22581 0.18293 -0.21840 -0.02964 0.51785 0.64610 -0.12082 -0.04312
2021 04 28 00 00 01.36612 1 -0.50688 -0.10213 0.15697 0.03514 -0.04848 -0.11672 0.50451 -0.23697 0.10350 -0.14432 0.03153 0.00549 0.14056 -0.03576 0.04204 0.22581 0.18293 -0.21840 -0.02964 0.51785 0.64610 -0.12082 -0.04312
2021 04 28 00 00 01.38278 1 -0.50688 -0.10213 0.15697 0.03514 -0.04848 -0.11672 0.50451 -0.23697 0.10350 -0.14432 0.03153 0.00549 0.14056 -0.03576 0.04204 0.22581 0.18293 -0.21840 -0.02964 0.51785 0.64610 -0.12082 -0.04312
2021 04 28 00 00 01.39944 1 -0.50688 -0.10213 0.15697 0.03514 -0.04848 -0.11672 0.50451 -0.23697 0.10350 -0.14432 0.03153 0.00549 0.14056 -0.03576 0.04204 0.22581 0.18293 -0.21840 -0.02964 0.51785 0.64610 -0.12082 -0.04312
2021 04 28 00 00 01.41610 1 -0.50688 -0.10213 0.15697 0.03514 -0.04848 -0.11672 0.50451 -0.23697 0.10350 -0.14432 0.03153 0.00549 0.14056 -0.03576 0.04204 0.22581 0.18293 -0.21840 -0.02964 0.51785 0.64610 -0.12082 -0.04312
2021 04 28 00 00 01.43276 1 -0.50688 -0.10213 0.15697 0.03514 -0.04848 -0.11672 0.50451 -0.23697 0.10350 -0.14432 0.03153 0.00549 0.14056 -0.03576 0.04204 0.22581 0.18293 -0.21840 -0.02964 0.51785 0.64610 -0.12082 -0.04312
2021 04 28 00 00 01.44942 1 -0.50688 -0.10213 0.15697 0.03514 -0.04848 -0.11672 0.50451 -0.23697 0.10350 -0.14432 0.03153 0.00549 0.14056 -0.03576 0.04204 0.22581 0.18293 -0.21840 -0.02964 0.51785 0.64610 -0.12082 -0.04312
2021 04 28 00 00 01.46608 1 -0.50688 -0.10213 0.15697 0.03514 -0.04848 -0.11672 0.50451 -0.23697 0.10350 -0.14432 0.03153 0.00549 0.14056 -0.03576 0.04204 0.22581 0.18293 -0.21840 -0.02964 0.51785 0.64610 -0.12082 -0.04312
2021 04 28 00 00 01.48274 1 -0.50688 -0.10213 0.15697 0.03514 -0.04848 -0.11672 0.50451 -0.23697 0.10350 -0.14432 0.03153 0.00549 0.14056 -0.03576 0.04204 0.22581 0.18293 -0.21840 -0.02964 0.51785 0.64610 -0.12082 -0.04312
2021 04 28 00 00 01.49940 1 -0.50688 -0.10213 0.15697 0.03514 -0.04848 -0.11672 0.50451 -0.24372 0.10350 -0.14432 0.03153 0.00772 0.14056 -0.03576 0.04204 0.22804 0.18293 -0.21840 -0.02964 0.52008 0.64610 -0.12082 -0.04312
2021 04 28 00 00 01.51606 1 -0.50688 -0.10213 0.15697 0.03514 -0.04848 -0.11672 0.50451 -0.24372 0.10350 -0.14432 0.03153 0.00772 0.14056 -0.03576 0.04204 0.22804 0.18293 -0.21840 -0.02964 0.52008 0.64610 -0.12082 -0.04312
2021 04 28 00 00 01.53272 1 -0.50688 -0.10213 0.15697 0.03514 -0.04848 -0.11672 0.50451 -0.24372 0.10350 -0.14432 0.03153 0.00772 0.14056 -0.03576 0.04204 0.22804 0.18293 -0.21840 -0.02964 0.52008 0.64610 -0.12082 -0.04312
2021 04 28 00 00 01.54938 1 -0.50688 -0.10213 0.15697 0.03514 -0.09696 -0.11672 0.50451 -0.24372 0.10350 -0.14432 0.03153 0.00772 0.14056 -0.03576 0.04204 0.22804 0.18293 -0.21840 -0.02964 0.52008 0.64610 -0.12082 -0.04312
2021 04 28 00 00 01.56604 1 -0.50688 -0.10213 0.15697 0.03514 -0.09696 -0.11672 0.50451 -0.24372 0.10350 -0.14432 0.03153 0.00772 0.14056 -0.03576 0.04204 0.22804 0.18293 -0.21840 -0.02964 0.52008 0.64610 -0.12082 -0.04312
2021 04 28 00 00 01.58270 1 -0.50688 -0.10213 0.15697 0.03514 -0.09696 -0.11672 0.50451 -0.24372 0.10350 -0.14432 0.03153 0.00772 0.14056 -0.03576 0.04204 0.22804 0.18293 -0.21840 -0.02964 0.52008 0.64610 -0.12082 -0.04312
2021 04 28 00 00 01.59936 1 -0.50688 -0.10213 0.15697 0.03514 -0.09696 -0.11672 0.50451 -0.24372 0.10350 -0.14432 0.03153 0.00772 0.14056 -0.03576 0.04204 0.22804 0.18293 -0.21840 -0.02964 0.52008 0.64610 -0.12082 -0.04312
2021 04 28 00 00 01.61602 1 -0.50688 -0.10213 0.15697 0.03514 -0.12928 -0.11672 0.50451 -0.25385 0.10350 -0.14432 0.03153 0.01106 0.14056 -0.03576 0.04204 0.23138 0.18293 -0.21840 -0.02964 0.52342 0.64610 -0.12082 -0.04312
2021 04 28 00 00 01.63268 1 -0.50688 -0.10213 0.15697 0.03514 -0.12928 -0.11672 0.50451 -0.25385 0.10350 -0.14432 0.03153 0.01106 0.14056 -0.03576 0.04204 0.23138 0.18293 -0.21840 -0.02964 0.52342 0.64610 -0.12082 -0.04312
2021 04 28 00 00 01.64934 1 -0.50688 -0.10213 0.15697 0.03514 -0.16160 -0.11672 0.50451 -0.25385 0.10350 -0.14432 0.03153 0.01106 0.14056 -0.03576 0.04204 0.23138 0.18293 -0.21840 -0.02964 0.52342 0.64610 -0.12082 -0.04312
2021 04 28 00 00 01.66600 1 -0.50688 -0.10213 0.15697 0.02510 -0.16160 -0.11672 0.50451 -0.25385 0.10350 -0.14432 0.03153 0.01106 0.14056 -0.03576 0.04204 0.23138 0.18293 -0.21840 -0.02964 0.52342 0.64610 -0.12082 -0.04312
2021 04 28 00 00 01.68266 1 -0.50688 -0.10213 0.15697 0.02510 -0.19392 -0.11672 0.50451 -0.25385 0.10350 -0.14432 0.03153 0.01106 0.14056 -0.03576 0.04204 0.23138 0.18293 -0.21840 -0.02964 0.52342 0.64610 -0.12082 -0.04312
2021 04 28 00 00 01.69932 1 -0.50688 -0.10213 0.15697 0.02510 -0.19392 -0.11672 0.50451 -0.25385 0.10350 -0.14432 0.03153 0.01106 0.14056 -0.03576 0.04204 0.23138 0.18293 -0.21840 -0.02964 0.52342 0.64610 -0.12082 -0.04312
2021 04 28 00 00 01.71598 1 -0.50688 -0.10213 0.15697 0.02510 -0.24240 -0.11672 0.50451 -0.25385 0.10350 -0.14432 0.03153 0.01106 0.14056 -0.03576 0.04204 0.23138 0.18293 -0.21840 -0.02964 0.52342 0.64610 -0.12082 -0.04312
2021 04 28 00 00 01.73264 1 -0.50688 -0.10213 0.15697 0.02510 -0.24240 -0.11672 0.50451 -0.26060 0.10350 -0.14432 0.03153 0.01329 0.14056 -0.03576 0.04204 0.23361 0.18293 -0.21840 -0.02964 0.52565 0.64610 -0.12082 -0.04312
2021 04 28 00 00 01.74930 1 -0.50688 -0.10213 0.15697 0.02510 -0.27472 -0.11672 0.50451 -0.26060 0.10350 -0.14432 0.03153 0.01329 0.14056 -0.03576 0.04204 0.23361 0.18293 -0.21840 -0.02964 0.52565 0.64610 -0.12082 -0.04312
2021 04 28 00 00 01.76596 1 -0.50688 -0.10213 0.15697 0.02510 -0.27472 -0.11672 0.50451 -0.26060 0.10350 -0.14432 0.03153 0.01329 0.14056 -0.03576 0.04204 0.23361 0.18293 -0.21840 -0.02964 0.52565 0.64610 -0.12082 -0.04312
2021 04 28 00 00 01.78262 1 -0.50688 -0.10213 0.15697 0.02510 -0.33936 -0.11672 0.50451 -0.26060 0.10350 -0.14432 0.03153 0.01329 0.14056 -0.03576 0.04204 0.23361 0.18293 -0.21840 -0.02964 0.52565 0.64610 -0.12082 -0.04312
2021 04 28 00 00 01.79928 1 -0.53856 -0.10213 0.15697 0.02510 -0.33936 -0.14590 0.50451 -0.26060 0.10350 -0.14432 0.03153 0.01329 0.14056 -0.03576 0.04204 0.23361 0.18293 -0.21840 -0.02964 0.52565 0.64610 -0.12082 -0.04312
2021 04 28 00 00 01.81594 1 -0.53856 -0.10213 0.15697 0.02510 -0.40400 -0.14590 0.50451 -0.26060 0.10350 -0.14432 0.03153 0.01329 0.14056 -0.03576 0.04204 0.23361 0.18293 -0.21840 -0.02964 0.52565 0.64610 -0.12082 -0.04312
2021 04 28 00 00 01.83260 1 -0.53856 -0.10213 0.15697 0.02510 -0.43632 -0.14590 0.50451 -0.26060 0.10350 -0.14432 0.03153 0.01329 0.14056 -0.03576 0.04204 0.23361 0.18293 -0.21840 -0.02964 0.52565 0.64610 -0.12082 -0.04312
2021 04 28 00 00 01.84926 1 -0.53856 -0.10213 0.15697 0.02510 -0.43632 -0.14590 0.50451 -0.26060 0.10350 -0.14432 0.03153 0.01329 0.14056 -0.03576 0.04204 0.23361 0.18293 -0.21840 -0.02964 0.52565 0.64610 -0.12082 -0.04312
2021 04 28 00 00 01.86592 1 -0.53856 -0.10213 0.15697 0.02510 -0.48480 -0.14590 0.50451 -0.26060 0.10350 -0.14432 0.03153 0.01329 0.14056 -0.03576 0.04204 0.23361 0.18293 -0.21840 -0.02964 0.52565 0.64610 -0.12082 -0.04312
2021 04 28 00 00 01.88258 1 -0.53856 -0.10213 0.15697 0.02510 -0.48480 -0.14590 0.50451 -0.26060 0.10350 -0.14432 0.03153 0.01329 0.14056 -0.03576 0.04204 0.23361 0.18293 -0.21840 -0.02964 0.52565 0.64610 -0.12082 -0.04312
2021 04 28 00 00 01.89924 1 -0.53856 -0.10213 0.15697 0.02510 -0.53328 -0.14590 0.50451 -0.26060 0.10350 -0.14432 0.03153 0.01329 0.14056 -0.03576 0.04204 0.23361 0.18293 -0.21840 -0.02964 0.52565 0.64610 -0.12082 -0.04312
2021 04 28 00 00 01.91590 1 -0.53856 -0.10213 0.15697 0.02510 -0.53328 -0.17508 0.50451 -0.26060 0.10350 -0.14432 0.03153 0.01329 0.14056 -0.03576 0.04204 0.23361 0.18293 -0.21840 -0.02964 0.52565 0.64610 -0.12082 -0.04312
2021 04 28 00 00 01.93256 1 -0.53856 -0.10213 0.15697 0.02510 -0.58176 -0.17508 0.50451 -0.25385 0.10350 -0.14432 0.03153 0.01106 0.14056 -0.03576 0.04204 0.23138 0.18293 -0.21840 -0.02964 0.52342 0.64610 -0.12082 -0.04312
2021 04 28 00 00 01.94922 1 -0.57024 -0.10213 0.15697 0.02510 -0.58176 -0.17508 0.50451 -0.25385 0.10350 -0.14432 0.03153 0.01106 0.14056 -0.03576 0.04204 0.23138 0.18293 -0.21840 -0.02964 0.52342 0.64610 -0.12082 -0.04312
2021 04 28 00 00 01.96588 1 -0.57024 -0.10213 0.15697 0.02510 -0.64640 -0.20426 0.50451 -0.25385 0.10350 -0.14432 0.03153 0.01106 0.14056 -0.03576 0.04204 0.23138 0.18293 -0.21840 -0.02964 0.52342 0.64610 -0.12082 -0.04312
2021 04 28 00 00 01.98254 1 -0.57024 -0.10213 0.15697 0.02510 -0.67872 -0.20426 0.50451 -0.24372 0.10350 -0.14432 0.03153 0.00772 0.14056 -0.03576 0.04204 0.22804 0.18293 -0.21840 -0.02964 0.52008 0.64610 -0.12082 -0.04312
2021 04 28 00 00 01.99920 1 -0.57024 -0.10213 0.15697 0.02510 -0.71104 -0.20426 0.50451 -0.24372 0.10350 -0.18040 0.03153 0.00772 0.14056 -0.03576 0.04204 0.22804 0.18293 -0.21840 -0.02964 0.52008 0.64610 -0.10356 -0.04312
2021 04 28 00 00 02.01586 1 -0.57024 -0.10213 0.15697 0.01004 -0.74336 -0.23344 0.50451 -0.23697 0.06900 -0.18040 0.03153 0.00549 0.14056 -0.03576 0.04204 0.22581 0.18293 -0.21840 -0.02964 0.51785 0.64610 -0.10356 -0.04312
2021 04 28 00 00 02.03252 1 -0.57024 -0.10213 0.15697 0.01004 -0.77568 -0.23344 0.50451 -0.23697 0.06900 -0.18040 0.03153 0.00549 0.14056 -0.03576 0.04204 0.22581 0.18293 -0.21840 -0.02964 0.51785 0.64610 -0.10356 -0.04312
2021 04 28 00 00 02.04918 1 -0.57024 -0.10213 0.15697 0.01004 -0.82416 -0.27721 0.50451 -0.23022 0.06900 -0.18040 0.03153 0.00326 0.14056 -0.03576 0.04204 0.22358 0.18293 -0.21840 -0.02964 0.51562 0.64610 -0.10356 -0.04312
2021 04 28 00 00 02.06584 1 -0.60192 -0.10213 0.15697 0.01004 -0.87264 -0.27721 0.50451 -0.23022 0.06900 -0.18040 0.03153 0.00326 0.14056 -0.03576 0.04204 0.22358 0.18293 -0.21840 -0.02964 0.50370 0.64610 -0.10356 -0.04312
2021 04 28 00 00 02.08250 1 -0.60192 -0.10213 0.15697 0.01004 -0.93728 -0.32098 0.50451 -0.21671 0.06900 -0.18040 0.03153 -0.00119 0.14056 -0.03576 0.04204 0.21913 0.18293 -0.21840 -0.02964 0.49925 0.64610 -0.10356 -0.04312
2021 04 28 00 00 02.09916 1 -0.60192 -0.10213 0.15697 0.01004 -0.98576 -0.35016 0.50451 -0.20996 0.03450 -0.18040 0.03153 -0.00342 0.14056 -0.03576 0.04204 0.21690 0.18293 -0.21840 -0.02964 0.49702 0.64610 -0.10356 -0.04312
2021 04 28 00 00 02.11582 1 -0.60192 -0.10213 0.15697 0.01004 -1.05040 -0.39393 0.50451 -0.20286 0.03450 -0.18040 0.03153 -0.00979 0.14056 -0.03576 0.04204 0.22277 0.18293 -0.21840 -0.02964 0.50289 0.64610 -0.10356 -0.04312
2021 04 28 00 00 02.13248 1 -0.60192 -0.10213 0.15697 0.01004 -1.08272 -0.43770 0.50451 -0.19611 0.03450 -0.18040 0.03153 -0.01202 0.14056 -0.03576 0.04204 0.22054 0.18293 -0.21840 -0.02964 0.50066 0.64610 -0.10356 -0.04312
2021 04 28 00 00 02.14914 1 -0.60192 -0.10213 0.15697 0.01004 -1.13120 -0.46688 0.50451 -0.18598 -0.01725 -0.18040 0.03153 -0.01536 0.14056 -0.03576 0.04204 0.21720 0.18293 -0.21840 -0.02964 0.49732 0.64610 -0.10356 -0.04312
2021 04 28 00 00 02.16580 1 -0.60192 -0.10213 0.15697 0.01004 -1.17968 -0.51065 0.50451 -0.18598 -0.01725 -0.18040 0.03153 -0.01536 0.14056 -0.03576 0.04204 0.21720 0.18293 -0.21840 -0.02964 0.49732 0.64610 -0.10356 -0.04312
2021 04 28 00 00 02.18246 1 -0.63360 -0.10213 0.15697 0.01004 -1.21200 -0.55442 0.50451 -0.17585 -0.06900 -0.18040 0.03153 -0.01870 0.14056 -0.03576 0.04204 0.21386 0.18293 -0.21840 -0.02964 0.49398 0.64610 -0.10356 -0.04312
2021 04 28 00 00 02.19912 1 -0.63360 -0.10213 0.15697 0.01004 -1.26048 -0.59819 0.50451 -0.17585 -0.06900 -0.18040 0.03153 -0.01870 0.14056 -0.03576 0.04204 0.21386 0.18293 -0.21840 -0.02964 0.49398 0.64610 -0.10356 -0.04312
2021 04 28 00 00 02.21578 1 -0.63360 -0.10213 0.15697 0.01004 -1.29280 -0.64196 0.50451 -0.16572 -0.10350 -0.18040 0.03153 -0.02204 0.14056 -0.03576 0.04204 0.21052 0.18293 -0.21840 -0.02964 0.49064 0.64610 -0.10356 -0.04312
2021 04 28 00 00 02.23244 1 -0.63360 -0.10213 0.15697 0.01004 -1.34128 -0.67114 0.50451 -0.16572 -0.10350 -0.18040 0.03153 -0.02204 0.14056 -0.03576 0.04204 0.21052 0.18293 -0.21840 -0.02964 0.49064 0.64610 -0.10356 -0.04312
2021 04 28 00 00 02.24910 1 -0.63360 -0.10213 0.15697 0.01004 -1.37360 -0.72950 0.50451 -0.15559 -0.15525 -0.18040 0.03153 -0.02538 0.14056 -0.03576 0.04204 0.20718 0.18293 -0.21840 -0.02964 0.48730 0.64610 -0.10356 -0.04312
2021 04 28 00 00 02.26576 1 -0.63360 -0.10213 0.15697 0.01004 -1.40592 -0.77327 0.50451 -0.15559 -0.15525 -0.18040 0.03153 -0.02538 0.08785 -0.03576 0.04204 0.20718 0.18293 -0.21840 -0.02964 0.48730 0.64610 -0.10356 -0.04312
2021 04 28 00 00 02.28242 1 -0.66528 -0.10213 0.15697 0.01004 -1.43824 -0.81704 0.50451 -0.15559 -0.20700 -0.18040 0.03153 -0.02538 0.08785 -0.03576 0.04204 0.20718 0.18293 -0.21840 -0.02964 0.48730 0.64610 -0.10356 -0.04312
2021 04 28 00 00 02.29908 1 -0.66528 -0.10213 0.15697 0.01004 -1.47056 -0.84622 0.50451 -0.14546 -0.20700 -0.18040 0.03153 -0.02872 0.08785 -0.03576 0.04204 0.20384 0.18293 -0.21840 -0.02964 0.46608 0.64610 -0.10356 -0.04312
2021 04 28 00 00 02.31574 1 -0.66528 -0.10213 0.15697 0.01004 -1.47056 -0.88999 0.50451 -0.14546 -0.27600 -0.18040 0.03153 -0.02872 0.08785 -0.03576 0.04204 0.20384 0.18293 -0.21840 -0.02964 0.46608 0.64610 -0.08630 -0.04312
2021 04 28 00 00 02.33240 1 -0.66528 -0.10213 0.15697 0.01004 -1.53520 -0.93376 0.50451 -0.14546 -0.27600 -0.18040 0.03153 -0.02872 0.08785 -0.03576 0.04204 0.20384 0.18293 -0.21840 -0.02964 0.46608 0.64610 -0.08630 -0.04312
2021 04 28 00 00 02.34906 1 -0.69696 -0.10213 0.15697 0.01004 -1.53520 -0.97753 0.50451 -0.14546 -0.34500 -0.18040 0.03153 -0.02872 0.05271 -0.08940 0.04204 0.20384 0.18293 -0.21840 -0.02964 0.46608 0.64610 -0.08630 -0.04312
2021 04 28 00 00 02.36572 1 -0.69696 -0.10213 0.15697 0.01004 -1.58368 -1.02130 0.50451 -0.14546 -0.34500 -0.18040 0.03153 -0.02872 0.05271 -0.08940 0.04204 0.20384 0.18293 -0.21840 -0.02964 0.46608 0.64610 -0.08630 -0.04312
2021 04 28 00 00 02.38238 1 -0.69696 -0.10213 0.15697 0.01004 -1.58368 -1.06507 0.50451 -0.14091 -0.39675 -0.18040 0.03153 -0.02417 0.05271 -0.08940 0.04204 0.19003 0.18293 -0.21840 -0.02964 0.45227 0.64610 -0.08630 -0.04312
2021 04 28 00 00 02.39904 1 -0.69696 -0.10213 0.15697 0.01004 -1.63216 -1.12343 0.50451 -0.14091 -0.39675 -0.18040 0.03153 -0.02417 0.05271 -0.08940 0.04204 0.19003 0.18293 -0.21840 -0.02964 0.45227 0.64610 -0.08630 -0.04312
2021 04 28 00 00 02.41570 1 -0.69696 -0.10213 0.15697 0.01004 -1.63216 -1.16720 0.50451 -0.14091 -0.46575 -0.18040 0.03153 -0.02417 -0.00000 -0.08940 0.04204 0.19003 0.18293 -0.21840 -0.02964 0.45227 0.64610 -0.08630 -0.04312
2021 04 28 00 00 02.43236 1 -0.72864 -0.10213 0.15697 0.01004 -1.68064 -1.22556 0.50451 -0.13787 -0.50025 -0.18040 0.03153 -0.02113 -0.00000 -0.08940 0.04204 0.18083 0.18293 -0.21840 -0.02964 0.43115 0.64610 -0.08630 -0.04312
2021 04 28 00 00 02.44902 1 -0.72864 -0.10213 0.15697 0.02008 -1.68064 -1.26933 0.50451 -0.13787 -0.50025 -0.21648 0.03153 -0.02113 -0.00000 -0.12516 0.04204 0.18083 0.18293 -0.21840 -0.02964 0.43115 0.64610 -0.06904 -0.04312
2021 04 28 00 00 02.46568 1 -0.72864 -0.10213 0.15697 0.02008 -1.72912 -1.29851 0.50451 -0.13787 -0.56925 -0.21648 0.03153 -0.02113 -0.00000 -0.12516 0.04204 0.18083 0.18293 -0.21840 -0.02964 0.43115 0.64610 -0.06904 -0.04312
2021 04 28 00 00 02.48234 1 -0.72864 -0.10213 0.15697 0.02008 -1.72912 -1.34228 0.50451 -0.13332 -0.60375 -0.21648 0.03153 -0.01658 -0.03514 -0.12516 0.04204 0.16702 0.18293 -0.21840 -0.02964 0.41734 0.64610 -0.06904 -0.04312
2021 04 28 00 00 02.49900 1 -0.77616 -0.10213 0.15697 0.02008 -1.76144 -1.38605 0.50451 -0.13332 -0.65550 -0.21648 0.03153 -0.01658 -0.03514 -0.16092 0.04204 0.16702 0.18293 -0.21840 -0.02964 0.41734 0.64610 -0.06904 -0.04312
2021 04 28 00 00 02.51566 1 -0.77616 -0.10213 0.15697 0.02008 -1.76144 -1.42982 0.50451 -0.13029 -0.69000 -0.21648 0.03153 -0.01355 -0.03514 -0.16092 0.04204 0.15781 0.18293 -0.21840 -0.02964 0.39621 0.64610 -0.06904 -0.04312
2021 04 28 00 00 02.53232 1 -0.77616 -0.07295 0.15697 0.03514 -1.80992 -1.47359 0.50451 -0.13029 -0.74175 -0.21648 0.03153 -0.01355 -0.08785 -0.21456 0.04204 0.15781 0.18293 -0.21840 -0.02964 0.39621 0.64610 -0.06904 -0.03528
2021 04 28 00 00 02.54898 1 -0.77616 -0.07295 0.18551 0.03514 -1.80992 -1.51736 0.50451 -0.12050 -0.77625 -0.25256 0.03153 -0.01274 -0.08785 -0.21456 0.04204 0.14638 0.18293 -0.27300 -0.02964 0.38478 0.64610 -0.06904 -0.03528
2021 04 28 00 00 02.56564 1 -0.77616 -0.07295 0.18551 0.03514 -1.85840 -1.54654 0.50451 -0.12050 -0.84525 -0.25256 0.03153 -0.01274 -0.08785 -0.26820 0.04204 0.14638 0.14967 -0.27300 -0.02964 0.38478 0.64610 -0.04315 -0.03528
2021 04 28 00 00 02.58230 1 -0.80784 -0.07295 0.18551 0.03514 -1.85840 -1.54654 0.50451 -0.12050 -0.89700 -0.25256 0.03153 -0.01274 -0.14056 -0.26820 0.04204 0.14638 0.14967 -0.27300 -0.02964 0.38478 0.64610 -0.04315 -0.03528
2021 04 28 00 00 02.59896 1 -0.80784 -0.07295 0.18551 0.03514 -1.89072 -1.59031 0.50451 -0.10581 -0.93150 -0.25256 0.03153 -0.01152 -0.14056 -0.30396 0.04204 0.12924 0.14967 -0.27300 -0.02964 0.36764 0.64610 -0.04315 -0.03528
2021 04 28 00 00 02.61562 1 -0.80784 -0.07295 0.18551 0.03514 -1.89072 -1.59031 0.50451 -0.10581 -0.93150 -0.25256 0.03153 -0.01152 -0.14056 -0.30396 0.04204 0.12924 0.14967 -0.30940 -0.02964 0.35572 0.64610 -0.04315 -0.03528
2021 04 28 00 00 02.63228 1 -0.80784 -0.07295 0.21405 0.04518 -1.92304 -1.61949 0.50451 -0.09906 -1.01775 -0.25256 0.03153 -0.01375 -0.17570 -0.37548 0.04204 0.12701 0.11641 -0.30940 -0.00988 0.35349 0.64610 -0.04315 -0.03528
2021 04 28 00 00 02.64894 1 -0.80784 -0.07295 0.21405 0.04518 -1.92304 -1.61949 0.50451 -0.09603 -1.01775 -0.25256 0.03153 -0.01072 -0.17570 -0.37548 0.04204 0.11780 0.11641 -0.30940 -0.00988 0.34428 0.64610 -0.04315 -0.03528
2021 04 28 00 00 02.66560 1 -0.80784 -0.07295 0.21405 0.04518 -1.92304 -1.66326 0.50451 -0.09603 -1.06950 -0.25256 0.03153 -0.01072 -0.17570 -0.41124 0.04204 0.11780 0.11641 -0.36400 -0.00988 0.34428 0.64610 -0.04315 -0.03528
2021 04 28 00 00 02.68226 1 -0.80784 -0.07295 0.21405 0.04518 -1.97152 -1.66326 0.50451 -0.08590 -1.10400 -0.25256 0.03153 -0.01406 -0.17570 -0.41124 0.04204 0.11446 0.11641 -0.36400 -0.00988 0.32902 0.64610 -0.04315 -0.03528
2021 04 28 00 00 02.69892 1 -0.83952 -0.07295 0.21405 0.04518 -1.97152 -1.66326 0.50451 -0.08590 -1.10400 -0.25256 0.03153 -0.01406 -0.17570 -0.41124 0.04204 0.11446 0.11641 -0.36400 -0.00988 0.32902 0.64610 -0.02589 -0.03528
2021 04 28 00 00 02.71558 1 -0.83952 -0.07295 0.21405 0.05522 -1.97152 -1.69244 0.50451 -0.08590 -1.13850 -0.25256 0.03153 -0.01406 -0.21084 -0.44700 0.04204 0.11446 0.08315 -0.36400 -0.00988 0.32902 0.64610 -0.02589 -0.03528
2021 04 28 00 00 02.73224 1 -0.83952 -0.07295 0.21405 0.05522 -1.97152 -1.69244 0.50451 -0.08134 -1.13850 -0.25256 0.03153 -0.00950 -0.21084 -0.44700 0.04204 0.10066 0.08315 -0.40040 -0.00988 0.31522 0.64610 -0.02589 -0.03528
2021 04 28 00 00 02.74890 1 -0.83952 -0.07295 0.21405 0.05522 -2.00384 -1.69244 0.50451 -0.07459 -1.19025 -0.25256 0.03153 -0.01173 -0.21084 -0.44700 0.04204 0.09843 0.08315 -0.40040 -0.00988 0.29511 0.64610 -0.02589 -0.03528
2021 04 28 00 00 02.76556 1 -0.83952 -0.07295 0.21405 0.05522 -2.00384 -1.72162 0.50451 -0.07459 -1.19025 -0.25256 0.03153 -0.01173 -0.21084 -0.44700 0.04204 0.09843 0.08315 -0.40040 -0.00988 0.29511 0.64610 -0.02589 -0.03528
2021 04 28 00 00 02.78222 1 -0.83952 -0.04377 0.24259 0.05522 -2.00384 -1.72162 0.50451 -0.07459 -1.22475 -0.25256 0.03153 -0.01173 -0.21084 -0.50064 0.04204 0.09843 0.08315 -0.40040 -0.00988 0.29511 0.64610 -0.02589 -0.03528
2021 04 28 00 00 02.79888 1 -0.83952 -0.04377 0.24259 0.05522 -2.00384 -1.72162 0.50451 -0.06446 -1.22475 -0.25256 0.03153 -0.01507 -0.26355 -0.50064 0.04204 0.09509 0.03326 -0.45500 -0.00988 0.27985 0.64610 -0.02589 -0.03528
2021 04 28 00 00 02.81554 1 -0.83952 -0.04377 0.24259 0.05522 -2.00384 -1.72162 0.50451 -0.06446 -1.22475 -0.25256 0.03153 -0.01507 -0.26355 -0.50064 0.04204 0.09509 0.03326 -0.45500 -0.00988 0.27985 0.64610 -0.02589 -0.03528
2021 04 28 00 00 02.83220 1 -0.83952 -0.04377 0.24259 0.05522 -2.03616 -1.75080 0.50451 -0.06446 -1.22475 -0.25256 0.03153 -0.01507 -0.26355 -0.53640 0.04204 0.09509 0.03326 -0.49140 -0.00988 0.27985 0.64610 -0.02589 -0.03528
2021 04 28 00 00 02.84886 1 -0.83952 -0.04377 0.24259 0.05522 -2.03616 -1.75080 0.50451 -0.06446 -1.29375 -0.25256 0.03153 -0.01507 -0.26355 -0.53640 0.04204 0.09509 0.03326 -0.49140 -0.00988 0.27985 0.64610 -0.02589 -0.03528
2021 04 28 00 00 02.86552 1 -0.83952 -0.04377 0.24259 0.05522 -2.03616 -1.75080 0.50451 -0.06446 -1.29375 -0.25256 0.03153 -0.01507 -0.26355 -0.53640 0.02102 0.09509 0.03326 -0.49140 -0.02964 0.27985 0.64610 -0.02589 -0.03528
2021 04 28 00 00 02.88218 1 -0.83952 -0.04377 0.24259 0.05522 -2.03616 -1.75080 0.50451 -0.06446 -1.29375 -0.25256 0.03153 -0.01507 -0.26355 -0.59004 0.02102 0.09509 0.03326 -0.52780 -0.02964 0.27985 0.64610 -0.02589 -0.03528
2021 04 28 00 00 02.89884 1 -0.83952 -0.04377 0.24259 0.05522 -2.03616 -1.75080 0.50451 -0.06446 -1.29375 -0.25256 0.03153 -0.01507 -0.29869 -0.59004 0.02102 0.09509 0.03326 -0.52780 -0.02964 0.26197 0.64610 -0.02589 -0.03528
2021 04 28 00 00 02.91550 1 -0.83952 -0.04377 0.24259 0.05522 -2.03616 -1.75080 0.50451 -0.06143 -1.29375 -0.25256 0.03153 -0.01204 -0.29869 -0.59004 0.02102 0.08588 -0.00000 -0.52780 -0.02964 0.25276 0.64610 -0.02589 -0.03528
2021 04 28 00 00 02.93216 1 -0.83952 -0.04377 0.24259 0.07028 -2.03616 -1.75080 0.50451 -0.05467 -1.32825 -0.25256 0.03153 -0.01426 -0.29869 -0.59004 0.02102 0.08366 -0.00000 -0.52780 -0.02964 0.25054 0.64610 -0.02589 -0.03528
2021 04 28 00 00 02.94882 1 -0.83952 -0.04377 0.27113 0.07028 -2.03616 -1.75080 0.50451 -0.05467 -1.32825 -0.28864 0.03153 -0.01426 -0.29869 -0.59004 0.02102 0.08366 -0.00000 -0.52780 -0.02964 0.25054 0.64610 -0.02589 -0.03528
2021 04 28 00 00 02.96548 1 -0.83952 -0.04377 0.27113 0.07028 -2.03616 -1.75080 0.50451 -0.05467 -1.32825 -0.28864 0.03153 -0.01426 -0.29869 -0.59004 0.02102 0.08366 -0.00000 -0.58240 -0.02964 0.25054 0.64610 -0.02589 -0.03528
2021 04 28 00 00 02.98214 1 -0.83952 -0.00000 0.27113 0.07028 -2.03616 -1.75080 0.50451 -0.05467 -1.32825 -0.28864 0.03153 -0.01426 -0.29869 -0.59004 0.02102 0.08366 -0.00000 -0.58240 -0.02964 0.25054 0.64610 -0.02589 -0.03528
2021 04 28 00 00 02.99880 1 -0.83952 -0.00000 0.27113 0.07028 -2.03616 -1.75080 0.50451 -0.05467 -1.32825 -0.28864 0.03153 -0.01426 -0.29869 -0.59004 0.02102 0.08366 -0.00000 -0.58240 -0.02964 0.25054 0.64610 -0.02589 -0.03528
2021 04 28 00 00 03.01546 1 -0.83952 -0.00000 0.27113 0.07028 -2.03616 -1.75080 0.50451 -0.05467 -1.32825 -0.28864 0.03153 -0.01426 -0.29869 -0.59004 0.02102 0.08366 -0.00000 -0.58240 -0.02964 0.25054 0.64610 -0.02589 -0.03528
2021 04 28 00 00 03.03212 1 -0.83952 -0.00000 0.27113 0.07028 -2.03616 -1.75080 0.50451 -0.05467 -1.32825 -0.28864 0.03153 -0.01426 -0.29869 -0.59004 0.02102 0.08366 -0.00000 -0.58240 -0.02964 0.25054 0.64610 -0.02589 -0.03528
2021 04 28 00 00 03.04878 1 -0.83952 -0.00000 0.27113 0.07028 -2.03616 -1.75080 0.50451 -0.05467 -1.32825 -0.28864 0.03153 -0.01426 -0.29869 -0.59004 0.02102 0.08366 -0.00000 -0.58240 -0.02964 0.25054 0.64610 -0.02589 -0.03528
2021 04 28 00 00 03.06544 1 -0.83952 -0.00000 0.27113 0.07028 -2.03616 -1.75080 0.50451 -0.05467 -1.32825 -0.28864 0.03153 -0.01426 -0.29869 -0.59004 0.02102 0.08366 -0.00000 -0.58240 -0.02964 0.25054 0.64610 -0.02589 -0.03528
2021 04 28 00 00 03.08210 1 -0.83952 -0.00000 0.27113 0.07028 -2.03616 -1.75080 0.50451 -0.05467 -1.32825 -0.28864 0.03153 -0.01426 -0.29869 -0.59004 0.02102 0.08366 -0.00000 -0.58240 -0.02964 0.25054 0.64610 -0.02589 -0.03528
2021 04 28 00 00 03.09876 1 -0.83952 -0.00000 0.27113 0.07028 -2.03616 -1.75080 0.50451 -0.05467 -1.32825 -0.28864 0.03153 -0.01426 -0.29869 -0.59004 0.02102 0.08366 -0.00000 -0.58240 -0.02964 0.25054 0.64610 -0.02589 -0.03528
2021 04 28 00 00 03.11542 1 -0.83952 -0.00000 0.27113 0.07028 -2.03616 -1.75080 0.50451 -0.05923 -1.32825 -0.28864 0.03153 -0.01882 -0.29869 -0.59004 0.02102 0.09746 -0.00000 -0.58240 -0.02964 0.26434 0.64610 -0.02589 -0.03528
2021 04 28 00 00 03.13208 1 -0.83952 -0.00000 0.27113 0.07028 -2.03616 -1.72162 0.50451 -0.05923 -1.32825 -0.28864 0.03153 -0.01882 -0.29869 -0.59004 0.02102 0.09746 -0.00000 -0.58240 -0.02964 0.26434 0.64610 -0.02589 -0.03528
2021 04 28 00 00 03.14874 1 -0.83952 -0.00000 0.27113 0.07028 -2.03616 -1.72162 0.50451 -0.06226 -1.25925 -0.28864 0.03153 -0.02185 -0.29869 -0.59004 0.02102 0.10667 -0.00000 -0.52780 -0.02964 0.29143 0.64610 -0.02589 -0.03528
2021 04 28 00 00 03.16540 1 -0.83952 -0.00000 0.27113 0.07028 -2.03616 -1.67785 0.50451 -0.06901 -1.25925 -0.28864 0.03153 -0.01962 -0.29869 -0.59004 0.02102 0.10890 -0.00000 -0.52780 -0.02964 0.29366 0.64610 -0.02589 -0.03528
2021 04 28 00 00 03.18206 1 -0.83952 -0.00000 0.27113 0.07028 -2.00384 -1.67785 0.50451 -0.07205 -1.22475 -0.28864 0.03153 -0.02266 -0.26355 -0.59004 0.02102 0.11810 -0.00000 -0.52780 -0.02964 0.30286 0.64610 -0.02589 -0.03528
2021 04 28 00 00 03.19872 1 -0.83952 -0.00000 0.27113 0.07028 -2.00384 -1.67785 0.50451 -0.07205 -1.22475 -0.28864 0.03153 -0.02266 -0.26355 -0.59004 0.02102 0.11810 0.03326 -0.52780 -0.02964 0.30286 0.64610 -0.02589 -0.03528
2021 04 28 00 00 03.21538 1 -0.83952 -0.00000 0.27113 0.07028 -2.00384 -1.64867 0.50451 -0.07205 -1.22475 -0.28864 0.03153 -0.02266 -0.26355 -0.53640 0.02102 0.11810 0.03326 -0.52780 -0.02964 0.30286 0.64610 -0.02589 -0.03528
2021 04 28 00 00 03.23204 1 -0.83952 -0.00000 0.27113 0.07028 -2.00384 -1.64867 0.50451 -0.07205 -1.17300 -0.28864 0.03153 -0.02266 -0.26355 -0.53640 0.02102 0.11810 0.03326 -0.49140 -0.02964 0.30286 0.64610 -0.02589 -0.03528
2021 04 28 00 00 03.24870 1 -0.83952 -0.00000 0.27113 0.07028 -1.95536 -1.59031 0.50451 -0.07205 -1.17300 -0.25256 0.03153 -0.02266 -0.26355 -0.53640 0.02102 0.11810 0.03326 -0.49140 -0.02964 0.30286 0.64610 -0.02589 -0.03528
2021 04 28 00 00 03.26536 1 -0.83952 -0.00000 0.27113 0.07028 -1.95536 -1.56113 0.50451 -0.08673 -1.17300 -0.25256 0.03153 -0.02387 -0.21084 -0.53640 0.02102 0.13525 0.03326 -0.49140 -0.02964 0.32001 0.64610 -0.02589 -0.03528
2021 04 28 00 00 03.28202 1 -0.83952 -0.00000 0.27113 0.07028 -1.90688 -1.50277 0.50451 -0.08673 -1.10400 -0.25256 0.03153 -0.02387 -0.21084 -0.53640 0.02102 0.13525 0.03326 -0.49140 -0.02964 0.33193 0.64610 -0.02589 -0.03528
2021 04 28 00 00 03.29868 1 -0.80784 -0.00000 0.27113 0.07028 -1.87456 -1.41523 0.50451 -0.08977 -1.06950 -0.25256 0.03153 -0.02691 -0.17570 -0.50064 0.04204 0.14445 0.03326 -0.45500 -0.02964 0.34113 0.64610 -0.02589 -0.03528
2021 04 28 00 00 03.31534 1 -0.80784 -0.00000 0.27113 0.07028 -1.82608 -1.32769 0.50451 -0.09990 -1.06950 -0.25256 0.03153 -0.02357 -0.17570 -0.50064 0.04204 0.14779 0.08315 -0.45500 -0.02964 0.34447 0.64610 -0.02589 -0.03528
2021 04 28 00 00 03.33200 1 -0.80784 -0.00000 0.27113 0.07028 -1.79376 -1.21097 0.50451 -0.09990 -1.00050 -0.25256 0.03153 -0.02357 -0.14056 -0.50064 0.04204 0.14779 0.08315 -0.45500 -0.02964 0.34447 0.64610 -0.02589 -0.03528
2021 04 28 00 00 03.34866 1 -0.76032 -0.00000 0.27113 0.07028 -1.76144 -1.10884 0.50451 -0.09990 -0.96600 -0.25256 0.03153 -0.02357 -0.14056 -0.50064 0.04204 0.14779 0.08315 -0.45500 -0.02964 0.34447 0.64610 -0.02589 -0.03528
2021 04 28 00 00 03.36532 1 -0.76032 -0.00000 0.27113 0.07028 -1.72912 -1.00671 0.50451 -0.10665 -0.96600 -0.25256 0.03153 -0.02134 -0.14056 -0.50064 0.04204 0.15002 0.08315 -0.45500 -0.02964 0.34670 0.64610 -0.02589 -0.03528
2021 04 28 00 00 03.38198 1 -0.76032 -0.00000 0.27113 0.07028 -1.68064 -0.91917 0.50451 -0.10665 -0.91425 -0.25256 0.03153 -0.02134 -0.14056 -0.44700 0.04204 0.15002 0.08315 -0.41860 -0.02964 0.34670 0.64610 -0.02589 -0.03528
2021 04 28 00 00 03.39864 1 -0.72864 -0.00000 0.27113 0.07028 -1.64832 -0.84622 0.50451 -0.11340 -0.91425 -0.25256 0.03153 -0.01911 -0.10542 -0.44700 0.04204 0.15225 0.08315 -0.41860 -0.02964 0.34893 0.64610 -0.02589 -0.03528
2021 04 28 00 00 03.41530 1 -0.72864 -0.00000 0.27113 0.07028 -1.61600 -0.77327 0.50451 -0.11340 -0.87975 -0.25256 0.03153 -0.01911 -0.10542 -0.44700 0.04204 0.15225 0.08315 -0.41860 -0.02964 0.34893 0.64610 -0.02589 -0.03528
2021 04 28 00 00 03.43196 1 -0.72864 -0.00000 0.27113 0.07028 -1.56752 -0.70032 0.50451 -0.12691 -0.87975 -0.25256 0.03153 -0.01466 -0.10542 -0.44700 0.04204 0.15670 0.08315 -0.41860 -0.02964 0.35338 0.64610 -0.02589 -0.03528
2021 04 28 00 00 03.44862 1 -0.68112 -0.00000 0.27113 0.07028 -1.50288 -0.62737 0.50451 -0.13704 -0.81075 -0.25256 0.03153 -0.01132 -0.10542 -0.44700 0.04204 0.16004 0.08315 -0.41860 -0.02964 0.35672 0.64610 -0.02589 -0.03528
2021 04 28 00 00 03.46528 1 -0.68112 -0.00000 0.27113 0.07028 -1.43824 -0.55442 0.50451 -0.14717 -0.77625 -0.25256 0.03153 -0.00798 -0.07028 -0.41124 0.04204 0.16338 0.11641 -0.41860 -0.02964 0.37198 0.64610 -0.02589 -0.03528
2021 04 28 00 00 03.48194 1 -0.63360 -0.00000 0.27113 0.07028 -1.35744 -0.46688 0.50451 -0.15730 -0.72450 -0.21648 0.03153 -0.00464 -0.07028 -0.41124 0.04204 0.16672 0.11641 -0.41860 -0.02964 0.37532 0.64610 -0.02589 -0.03528
2021 04 28 00 00 03.49860 1 -0.63360 -0.00000 0.27113 0.07028 -1.29280 -0.40852 0.50451 -0.16743 -0.67275 -0.21648 0.03153 -0.00130 -0.07028 -0.41124 0.04204 0.17006 0.11641 -0.41860 -0.02964 0.37866 0.64610 -0.02589 -0.03528
2021 04 28 00 00 03.51526 1 -0.63360 -0.00000 0.27113 0.07028 -1.22816 -0.35016 0.50451 -0.17873 -0.62100 -0.21648 0.03153 -0.00362 -0.01757 -0.41124 0.04204 0.18610 0.11641 -0.41860 -0.02964 0.39470 0.64610 -0.04315 -0.03528
2021 04 28 00 00 03.53192 1 -0.63360 -0.00000 0.27113 0.07028 -1.19584 -0.32098 0.50451 -0.18549 -0.58650 -0.21648 0.03153 -0.00140 -0.01757 -0.37548 0.04204 0.18832 0.11641 -0.41860 -0.02964 0.39692 0.64610 -0.04315 -0.03528
2021 04 28 00 00 03.54858 1 -0.60192 -0.00000 0.27113 0.07028 -1.16352 -0.32098 0.50451 -0.18549 -0.58650 -0.21648 0.03153 -0.00140 -0.01757 -0.37548 0.04204 0.18832 0.11641 -0.41860 -0.02964 0.39692 0.64610 -0.04315 -0.03528
2021 04 28 00 00 03.56524 1 -0.60192 -0.00000 0.27113 0.07028 -1.16352 -0.32098 0.50451 -0.19865 -0.51750 -0.21648 0.03153 -0.00109 0.01757 -0.37548 0.04204 0.20087 0.11641 -0.36400 -0.02964 0.40947 0.64610 -0.04315 -0.03528
2021 04 28 00 00 03.58190 1 -0.60192 -0.00000 0.27113 0.07028 -1.06656 -0.32098 0.50451 -0.19865 -0.51750 -0.21648 0.03153 -0.00109 0.01757 -0.37548 0.04204 0.20087 0.11641 -0.36400 -0.02964 0.40947 0.64610 -0.04315 -0.03528
2021 04 28 00 00 03.59856 1 -0.60192 -0.00000 0.27113 0.07028 -1.03424 -0.29180 0.50451 -0.20540 -0.46575 -0.21648 0.03153 0.00114 0.01757 -0.37548 0.04204 0.20310 0.11641 -0.36400 -0.02964 0.41170 0.64610 -0.04315 -0.03528
2021 04 28 00 00 03.61522 1 -0.60192 -0.00000 0.27113 0.07028 -0.96960 -0.29180 0.50451 -0.20540 -0.43125 -0.21648 0.03153 0.00114 0.01757 -0.37548 0.04204 0.20310 0.14967 -0.36400 -0.02964 0.41170 0.64610 -0.04315 -0.03528
2021 04 28 00 00 03.63188 1 -0.55440 -0.00000 0.27113 0.07028 -0.90496 -0.29180 0.50451 -0.21553 -0.39675 -0.21648 0.03153 0.00448 0.07028 -0.32184 0.04204 0.20644 0.14967 -0.36400 -0.02964 0.41504 0.64610 -0.04315 -0.03528
2021 04 28 00 00 03.64854 1 -0.55440 -0.00000 0.27113 0.07028 -0.85648 -0.29180 0.50451 -0.21857 -0.39675 -0.21648 0.03153 0.00144 0.07028 -0.32184 0.04204 0.21564 0.14967 -0.36400 -0.02964 0.42424 0.64610 -0.04315 -0.03528
2021 04 28 00 00 03.66520 1 -0.55440 -0.00000 0.27113 0.07028 -0.80800 -0.24803 0.50451 -0.21857 -0.32775 -0.21648 0.03153 0.00144 0.07028 -0.32184 0.04204 0.21564 0.14967 -0.36400 -0.02964 0.42424 0.64610 -0.04315 -0.03528
2021 04 28 00 00 03.68186 1 -0.55440 -0.00000 0.27113 0.07028 -0.77568 -0.24803 0.50451 -0.21857 -0.32775 -0.21648 0.03153 0.00144 0.07028 -0.32184 0.04204 0.21564 0.14967 -0.36400 -0.02964 0.42424 0.64610 -0.04315 -0.03528
2021 04 28 00 00 03.69852 1 -0.55440 -0.00000 0.27113 0.07028 -0.77568 -0.24803 0.50451 -0.21857 -0.29325 -0.21648 0.03153 0.00144 0.07028 -0.32184 0.04204 0.21564 0.14967 -0.36400 -0.02964 0.42424 0.64610 -0.04315 -0.03528
2021 04 28 00 00 03.71518 1 -0.55440 -0.00000 0.27113 0.07028 -0.72720 -0.24803 0.50451 -0.21857 -0.29325 -0.21648 0.03153 0.00144 0.10542 -0.32184 0.04204 0.21564 0.14967 -0.36400 -0.02964 0.42424 0.64610 -0.04315 -0.03528
2021 04 28 00 00 03.73184 1 -0.52272 -0.00000 0.27113 0.07028 -0.72720 -0.21885 0.50451 -0.21857 -0.24150 -0.21648 0.03153 0.00144 0.10542 -0.32184 0.04204 0.21564 0.14967 -0.36400 -0.02964 0.42424 0.64610 -0.04315 -0.03528
2021 04 28 00 00 03.74850 1 -0.52272 -0.00000 0.27113 0.07028 -0.66256 -0.21885 0.50451 -0.21857 -0.24150 -0.21648 0.03153 0.00144 0.10542 -0.28608 0.04204 0.21564 0.14967 -0.36400 -0.02964 0.42424 0.64610 -0.04315 -0.03528
2021 04 28 00 00 03.76516 1 -0.52272 -0.00000 0.27113 0.07028 -0.63024 -0.21885 0.50451 -0.23325 -0.18975 -0.21648 0.03153 0.00023 0.10542 -0.28608 0.04204 0.23279 0.14967 -0.36400 -0.02964 0.44139 0.64610 -0.04315 -0.03528
2021 04 28 00 00 03.78182 1 -0.52272 -0.00000 0.27113 0.07028 -0.58176 -0.17508 0.50451 -0.23325 -0.18975 -0.21648 0.03153 0.00023 0.10542 -0.28608 0.04204 0.23279 0.14967 -0.36400 -0.02964 0.44139 0.64610 -0.04315 -0.03528
2021 04 28 00 00 03.79848 1 -0.52272 -0.00000 0.27113 0.07028 -0.51712 -0.17508 0.50451 -0.24000 -0.12075 -0.21648 0.03153 0.00246 0.15813 -0.28608 0.04204 0.23502 0.18293 -0.32760 -0.02964 0.44362 0.64610 -0.06041 -0.03528
2021 04 28 00 00 03.81514 1 -0.52272 -0.00000 0.27113 0.07028 -0.48480 -0.17508 0.50451 -0.24304 -0.08625 -0.21648 0.03153 -0.00058 0.15813 -0.28608 0.04204 0.24422 0.18293 -0.32760 -0.02964 0.45282 0.64610 -0.06041 -0.03528
2021 04 28 00 00 03.83180 1 -0.52272 -0.00000 0.27113 0.07028 -0.43632 -0.14590 0.50451 -0.24304 -0.05175 -0.21648 0.03153 -0.00058 0.15813 -0.28608 0.04204 0.24422 0.18293 -0.32760 -0.02964 0.45282 0.64610 -0.06041 -0.03528
2021 04 28 00 00 03.84846 1 -0.52272 -0.00000 0.27113 0.07028 -0.38784 -0.14590 0.50451 -0.25317 -0.05175 -0.21648 0.03153 0.00276 0.15813 -0.28608 0.04204 0.24756 0.18293 -0.32760 -0.02964 0.45616 0.64610 -0.06041 -0.03528
2021 04 28 00 00 03.86512 1 -0.49104 -0.00000 0.27113 0.07028 -0.33936 -0.14590 0.50451 -0.25317 -0.00000 -0.21648 0.03153 0.00276 0.19327 -0.28608 0.04204 0.24756 0.18293 -0.32760 -0.02964 0.45616 0.64610 -0.06041 -0.03528
2021 04 28 00 00 03.88178 1 -0.49104 -0.00000 0.27113 0.07028 -0.29088 -0.14590 0.50451 -0.25621 0.05175 -0.21648 0.03153 -0.00028 0.19327 -0.25032 0.04204 0.25676 0.18293 -0.32760 -0.02964 0.46536 0.64610 -0.06041 -0.03528
2021 04 28 00 00 03.89844 1 -0.49104 -0.00000 0.27113 0.07028 -0.22624 -0.11672 0.50451 -0.25621 0.10350 -0.21648 0.03153 -0.00028 0.19327 -0.25032 0.04204 0.25676 0.21619 -0.32760 -0.02964 0.46536 0.64610 -0.06041 -0.03528
2021 04 28 00 00 03.91510 1 -0.49104 -0.00000 0.27113 0.07028 -0.17776 -0.11672 0.50451 -0.25621 0.13800 -0.21648 0.03153 -0.00028 0.24598 -0.25032 0.04204 0.25676 0.21619 -0.29120 -0.02964 0.46536 0.64610 -0.06041 -0.03528
2021 04 28 00 00 03.93176 1 -0.49104 -0.00000 0.27113 0.07028 -0.12928 -0.11672 0.50451 -0.25924 0.18975 -0.21648 0.03153 -0.00331 0.24598 -0.25032 0.04204 0.26597 0.21619 -0.29120 -0.02964 0.47457 0.64610 -0.08630 -0.03528
2021 04 28 00 00 03.94842 1 -0.49104 -0.00000 0.27113 0.07028 -0.08080 -0.11672 0.50451 -0.25924 0.18975 -0.21648 0.03153 -0.00331 0.28112 -0.25032 0.04204 0.26597 0.21619 -0.29120 -0.02964 0.47457 0.64610 -0.08630 -0.03528
2021 04 28 00 00 03.96508 1 -0.49104 -0.00000 0.27113 0.07028 -0.04848 -0.11672 0.50451 -0.25924 0.24150 -0.21648 0.03153 -0.00331 0.28112 -0.25032 0.04204 0.26597 0.21619 -0.29120 -0.02964 0.47457 0.64610 -0.08630 -0.03528
2021 04 28 00 00 03.98174 1 -0.49104 -0.00000 0.27113 0.07028 -0.04848 -0.11672 0.50451 -0.25924 0.24150 -0.21648 0.03153 -0.00331 0.28112 -0.25032 0.04204 0.26597 0.21619 -0.29120 -0.02964 0.47457 0.64610 -0.08630 -0.03528
2021 04 28 00 00 03.99840 1 -0.49104 -0.00000 0.27113 0.07028 0.01616 -0.11672 0.50451 -0.25924 0.29325 -0.18040 0.03153 -0.00331 0.28112 -0.25032 0.04204 0.26597 0.24945 -0.29120 -0.02964 0.47457 0.64610 -0.08630 -0.03528
2021 04 28 00 00 04.01506 1 -0.49104 -0.00000 0.27113 0.07028 0.01616 -0.11672 0.50451 -0.25924 0.29325 -0.18040 0.03153 -0.00331 0.31626 -0.25032 0.04204 0.26597 0.24945 -0.29120 -0.02964 0.47457 0.64610 -0.08630 -0.03528
2021 04 28 00 00 04.03172 1 -0.49104 -0.00000 0.29967 0.07028 0.06464 -0.11672 0.50451 -0.25249 0.32775 -0.18040 0.03153 -0.00554 0.31626 -0.25032 0.04204 0.26374 0.24945 -0.29120 -0.02964 0.47234 0.64610 -0.08630 -0.03528
2021 04 28 00 00 04.04838 1 -0.49104 -0.00000 0.29967 0.07028 0.06464 -0.11672 0.50451 -0.25249 0.32775 -0.18040 0.03153 -0.00554 0.31626 -0.25032 0.04204 0.26374 0.24945 -0.29120 -0.02964 0.47234 0.64610 -0.08630 -0.03528
2021 04 28 00 00 04.06504 1 -0.49104 -0.00000 0.29967 0.07028 0.09696 -0.11672 0.50451 -0.25249 0.37950 -0.18040 0.03153 -0.00554 0.31626 -0.25032 0.04204 0.26374 0.24945 -0.29120 -0.02964 0.47234 0.64610 -0.08630 -0.03528
2021 04 28 00 00 04.08170 1 -0.49104 -0.00000 0.29967 0.07028 0.09696 -0.08754 0.50451 -0.25249 0.37950 -0.18040 0.03153 -0.00554 0.35140 -0.25032 0.04204 0.26374 0.24945 -0.29120 -0.02964 0.47234 0.64610 -0.08630 -0.03528
2021 04 28 00 00 04.09836 1 -0.49104 -0.00000 0.29967 0.07028 0.09696 -0.08754 0.50451 -0.25249 0.41400 -0.18040 0.03153 -0.00554 0.35140 -0.25032 0.04204 0.26374 0.24945 -0.29120 -0.02964 0.47234 0.64610 -0.08630 -0.03528
2021 04 28 00 00 04.11502 1 -0.49104 -0.00000 0.29967 0.07028 0.14544 -0.08754 0.50451 -0.24236 0.41400 -0.18040 0.03153 -0.00888 0.35140 -0.25032 0.04204 0.26040 0.28271 -0.29120 -0.02964 0.45708 0.64610 -0.08630 -0.03528
2021 04 28 00 00 04.13168 1 -0.49104 -0.00000 0.29967 0.07028 0.14544 -0.08754 0.50451 -0.24236 0.46575 -0.18040 0.03153 -0.00888 0.35140 -0.25032 0.04204 0.26040 0.28271 -0.25480 -0.02964 0.45708 0.64610 -0.08630 -0.03528
2021 04 28 00 00 04.14834 1 -0.49104 -0.00000 0.29967 0.07028 0.14544 -0.08754 0.50451 -0.24691 0.46575 -0.18040 0.03153 -0.01343 0.35140 -0.25032 0.04204 0.27421 0.28271 -0.25480 -0.02964 0.47089 0.64610 -0.08630 -0.03528
2021 04 28 00 00 04.16500 1 -0.49104 -0.00000 0.29967 0.07028 0.14544 -0.08754 0.50451 -0.24691 0.46575 -0.18040 0.03153 -0.01343 0.35140 -0.25032 0.04204 0.27421 0.28271 -0.25480 -0.02964 0.47089 0.64610 -0.08630 -0.03528
2021 04 28 00 00 04.18166 1 -0.49104 -0.00000 0.29967 0.07028 0.14544 -0.08754 0.50451 -0.24691 0.46575 -0.18040 0.03153 -0.01343 0.35140 -0.25032 0.04204 0.27421 0.28271 -0.25480 -0.02964 0.47089 0.64610 -0.08630 -0.03528
2021 04 28 00 00 04.19832 1 -0.49104 -0.00000 0.29967 0.07028 0.14544 -0.08754 0.50451 -0.24691 0.46575 -0.18040 0.03153 -0.01343 0.35140 -0.25032 0.04204 0.27421 0.28271 -0.25480 -0.02964 0.47089 0.64610 -0.08630 -0.03528
2021 04 28 00 00 04.21498 1 -0.49104 -0.00000 0.29967 0.07028 0.17776 -0.08754 0.50451 -0.24016 0.46575 -0.18040 0.03153 -0.01566 0.35140 -0.25032 0.04204 0.27198 0.28271 -0.25480 -0.02964 0.46866 0.64610 -0.08630 -0.03528
2021 04 28 00 00 04.23164 1 -0.49104 -0.00000 0.29967 0.07028 0.17776 -0.08754 0.50451 -0.24016 0.46575 -0.18040 0.05255 -0.01566 0.35140 -0.25032 0.04204 0.27198 0.28271 -0.25480 -0.02964 0.46866 0.64610 -0.08630 -0.03528
2021 04 28 00 00 04.24830 1 -0.49104 -0.00000 0.29967 0.07028 0.17776 -0.08754 0.50451 -0.24016 0.46575 -0.18040 0.05255 -0.01566 0.35140 -0.25032 0.04204 0.27198 0.28271 -0.25480 -0.02964 0.46866 0.64610 -0.08630 -0.03528
2021 04 28 00 00 04.26496 1 -0.49104 -0.00000 0.29967 0.07028 0.17776 -0.08754 0.50451 -0.24016 0.46575 -0.18040 0.05255 -0.01566 0.35140 -0.25032 0.04204 0.27198 0.28271 -0.25480 -0.02964 0.46866 0.64610 -0.08630 -0.03528
2021 04 28 00 00 04.28162 1 -0.49104 -0.00000 0.29967 0.07028 0.17776 -0.08754 0.50451 -0.24016 0.50025 -0.18040 0.05255 -0.01566 0.40411 -0.25032 0.04204 0.27198 0.28271 -0.25480 -0.02964 0.46866 0.64610 -0.08630 -0.03528
2021 04 28 00 00 04.29828 1 -0.49104 -0.00000 0.29967 0.07028 0.17776 -0.08754 0.50451 -0.24016 0.50025 -0.18040 0.05255 -0.01566 0.40411 -0.25032 0.04204 0.27198 0.28271 -0.25480 -0.02964 0.46866 0.64610 -0.08630 -0.03528
2021 04 28 00 00 04.31494 1 -0.49104 -0.00000 0.29967 0.07028 0.17776 -0.08754 0.50451 -0.24016 0.50025 -0.18040 0.05255 -0.01566 0.40411 -0.25032 0.04204 0.27198 0.28271 -0.25480 -0.02964 0.46866 0.64610 -0.08630 -0.03528
2021 04 28 00 00 04.33160 1 -0.49104 -0.00000 0.29967 0.07028 0.17776 -0.08754 0.50451 -0.24016 0.50025 -0.18040 0.05255 -0.01566 0.40411 -0.25032 0.04204 0.27198 0.28271 -0.25480 -0.02964 0.46866 0.64610 -0.08630 -0.03528
2021 04 28 00 00 04.34826 1 -0.49104 -0.00000 0.29967 0.07028 0.17776 -0.08754 0.50451 -0.24016 0.50025 -0.18040 0.05255 -0.01566 0.40411 -0.25032 0.04204 0.27198 0.28271 -0.25480 -0.02964 0.46866 0.64610 -0.08630 -0.03528
2021 04 28 00 00 04.36492 1 -0.49104 -0.00000 0.29967 0.07028 0.17776 -0.08754 0.50451 -0.24016 0.50025 -0.18040 0.05255 -0.01566 0.40411 -0.25032 0.04204 0.27198 0.28271 -0.25480 -0.02964 0.46866 0.64610 -0.08630 -0.03528
2021 04 28 00 00 04.38158 1 -0.49104 -0.00000 0.29967 0.07028 0.17776 -0.08754 0.50451 -0.24016 0.50025 -0.18040 0.05255 -0.01566 0.40411 -0.25032 0.04204 0.27198 0.28271 -0.25480 -0.02964 0.46866 0.64610 -0.08630 -0.03528
2021 04 28 00 00 04.39824 1 -0.49104 -0.00000 0.29967 0.07028 0.17776 -0.08754 0.50451 -0.24016 0.50025 -0.18040 0.05255 -0.01566 0.40411 -0.25032 0.04204 0.27198 0.28271 -0.25480 -0.02964 0.46866 0.64610 -0.08630 -0.03528
2021 04 28 00 00 04.41490 1 -0.49104 -0.00000 0.29967 0.07028 0.17776 -0.08754 0.50451 -0.24016 0.50025 -0.18040 0.05255 -0.01566 0.40411 -0.25032 0.04204 0.27198 0.28271 -0.25480 -0.02964 0.46866 0.64610 -0.08630 -0.03528
2021 04 28 00 00 04.43156 1 -0.49104 -0.00000 0.29967 0.07028 0.17776 -0.08754 0.50451 -0.24016 0.50025 -0.18040 0.05255 -0.01566 0.40411 -0.25032 0.04204 0.27198 0.28271 -0.25480 -0.02964 0.46866 0.64610 -0.08630 -0.03528
2021 04 28 00 00 04.44822 1 -0.49104 -0.00000 0.29967 0.07028 0.17776 -0.08754 0.50451 -0.24016 0.50025 -0.18040 0.05255 -0.01566 0.40411 -0.25032 0.04204 0.27198 0.28271 -0.25480 -0.02964 0.46866 0.64610 -0.08630 -0.03528
2021 04 28 00 00 04.46488 1 -0.49104 -0.00000 0.29967 0.07028 0.17776 -0.08754 0.50451 -0.24016 0.50025 -0.18040 0.05255 -0.01566 0.40411 -0.25032 0.04204 0.27198 0.28271 -0.25480 -0.02964 0.46866 0.64610 -0.08630 -0.03528
2021 04 28 00 00 04.48154 1 -0.49104 -0.00000 0.29967 0.07028 0.17776 -0.08754 0.50451 -0.24016 0.50025 -0.18040 0.05255 -0.01566 0.40411 -0.21456 0.04204 0.27198 0.28271 -0.25480 -0.02964 0.46866 0.64610 -0.08630 -0.03528
2021 04 28 00 00 04.49820 1 -0.49104 -0.00000 0.29967 0.07028 0.17776 -0.08754 0.50451 -0.24016 0.50025 -0.18040 0.05255 -0.01566 0.40411 -0.21456 0.04204 0.27198 0.28271 -0.25480 -0.02964 0.46866 0.64610 -0.08630 -0.03528
2021 04 28 00 00 04.51486 1 -0.49104 -0.00000 0.29967 0.07028 0.17776 -0.08754 0.50451 -0.24016 0.50025 -0.18040 0.05255 -0.01566 0.40411 -0.21456 0.04204 0.27198 0.28271 -0.25480 -0.02964 0.46866 0.64610 -0.08630 -0.03528
2021 04 28 00 00 04.53152 1 -0.49104 -0.00000 0.29967 0.07028 0.17776 -0.08754 0.50451 -0.24016 0.50025 -0.18040 0.05255 -0.01566 0.40411 -0.21456 0.04204 0.27198 0.28271 -0.25480 -0.02964 0.46866 0.64610 -0.08630 -0.03528
2021 04 28 00 00 04.54818 1 -0.49104 -0.00000 0.29967 0.07028 0.17776 -0.08754 0.50451 -0.24016 0.50025 -0.18040 0.05255 -0.01566 0.40411 -0.21456 0.04204 0.27198 0.28271 -0.25480 -0.02964 0.46866 0.64610 -0.08630 -0.03528
2021 04 28 00 00 04.56484 1 -0.49104 -0.00000 0.29967 0.07028 0.17776 -0.08754 0.50451 -0.23712 0.50025 -0.18040 0.05255 -0.01262 0.40411 -0.21456 0.04204 0.26278 0.28271 -0.25480 -0.02964 0.45946 0.64610 -0.08630 -0.03528
2021 04 28 00 00 04.58150 1 -0.49104 -0.00000 0.29967 0.07028 0.17776 -0.08754 0.50451 -0.23712 0.50025 -0.18040 0.05255 -0.01262 0.40411 -0.21456 0.04204 0.26278 0.28271 -0.25480 -0.02964 0.45946 0.64610 -0.08630 -0.03528
2021 04 28 00 00 04.59816 1 -0.49104 -0.00000 0.29967 0.07028 0.17776 -0.08754 0.50451 -0.23712 0.50025 -0.18040 0.05255 -0.01262 0.40411 -0.21456 0.04204 0.26278 0.28271 -0.25480 -0.02964 0.45946 0.64610 -0.08630 -0.03528
2021 04 28 00 00 04.61482 1 -0.49104 -0.00000 0.29967 0.07028 0.17776 -0.08754 0.50451 -0.23712 0.50025 -0.18040 0.05255 -0.01262 0.40411 -0.21456 0.04204 0.26278 0.28271 -0.25480 -0.02964 0.45946 0.64610 -0.08630 -0.03528
2021 04 28 00 00 04.63148 1 -0.49104 -0.00000 0.29967 0.07028 0.17776 -0.08754 0.50451 -0.23712 0.50025 -0.18040 0.05255 -0.01262 0.40411 -0.21456 0.04204 0.26278 0.28271 -0.25480 -0.02964 0.45946 0.64610 -0.08630 -0.03528
2021 04 28 00 00 04.64814 1 -0.49104 -0.00000 0.29967 0.07028 0.17776 -0.08754 0.50451 -0.23712 0.50025 -0.18040 0.05255 -0.01262 0.35140 -0.21456 0.04204 0.26278 0.28271 -0.25480 -0.02964 0.45946 0.64610 -0.08630 -0.03528
2021 04 28 00 00 04.66480 1 -0.49104 -0.00000 0.29967 0.07028 0.17776 -0.08754 0.50451 -0.23712 0.44850 -0.18040 0.05255 -0.01262 0.35140 -0.21456 0.04204 0.26278 0.28271 -0.25480 -0.02964 0.45946 0.64610 -0.08630 -0.03528
2021 04 28 00 00 04.68146 1 -0.49104 -0.00000 0.29967 0.07028 0.17776 -0.08754 0.50451 -0.23712 0.44850 -0.18040 0.05255 -0.01262 0.35140 -0.21456 0.04204 0.26278 0.28271 -0.25480 -0.02964 0.45946 0.64610 -0.08630 -0.03528
2021 04 28 00 00 04.69812 1 -0.49104 -0.00000 0.29967 0.07028 0.17776 -0.08754 0.50451 -0.23257 0.44850 -0.18040 0.05255 -0.00807 0.35140 -0.21456 0.04204 0.24897 0.28271 -0.25480 -0.02964 0.44565 0.64610 -0.08630 -0.03528
2021 04 28 00 00 04.71478 1 -0.49104 -0.00000 0.29967 0.07028 0.17776 -0.08754 0.50451 -0.23257 0.44850 -0.18040 0.05255 -0.00807 0.35140 -0.21456 0.04204 0.24897 0.28271 -0.25480 -0.02964 0.44565 0.64610 -0.08630 -0.03528
2021 04 28 00 00 04.73144 1 -0.49104 -0.00000 0.29967 0.07028 0.17776 -0.08754 0.50451 -0.23257 0.44850 -0.18040 0.05255 -0.00807 0.35140 -0.17880 0.04204 0.24897 0.28271 -0.25480 -0.02964 0.44565 0.64610 -0.08630 -0.03528
2021 04 28 00 00 04.74810 1 -0.49104 -0.00000 0.29967 0.07028 0.17776 -0.08754 0.50451 -0.23257 0.44850 -0.18040 0.05255 -0.00807 0.35140 -0.17880 0.04204 0.24897 0.28271 -0.25480 -0.02964 0.45757 0.64610 -0.08630 -0.03528
2021 04 28 00 00 04.76476 1 -0.49104 -0.00000 0.29967 0.07028 0.17776 -0.08754 0.50451 -0.23257 0.44850 -0.18040 0.05255 -0.00807 0.35140 -0.17880 0.04204 0.24897 0.28271 -0.25480 -0.02964 0.45757 0.64610 -0.08630 -0.03528
2021 04 28 00 00 04.78142 1 -0.49104 -0.00000 0.29967 0.07028 0.17776 -0.08754 0.50451 -0.23257 0.44850 -0.18040 0.05255 -0.00807 0.35140 -0.17880 0.04204 0.24897 0.28271 -0.25480 -0.02964 0.45757 0.64610 -0.08630 -0.03528
2021 04 28 00 00 04.79808 1 -0.49104 -0.00000 0.29967 0.07028 0.17776 -0.08754 0.50451 -0.23257 0.44850 -0.18040 0.05255 -0.00807 0.31626 -0.17880 0.04204 0.24897 0.28271 -0.25480 -0.02964 0.45757 0.64610 -0.08630 -0.03528
2021 04 28 00 00 04.81474 1 -0.49104 -0.00000 0.29967 0.07028 0.17776 -0.08754 0.50451 -0.22953 0.44850 -0.18040 0.05255 -0.00503 0.31626 -0.17880 0.04204 0.23977 0.28271 -0.25480 -0.02964 0.44837 0.64610 -0.08630 -0.03528
2021 04 28 00 00 04.83140 1 -0.49104 -0.00000 0.29967 0.07028 0.17776 -0.08754 0.50451 -0.22953 0.44850 -0.18040 0.05255 -0.00503 0.31626 -0.17880 0.04204 0.23977 0.28271 -0.25480 -0.02964 0.44837 0.64610 -0.08630 -0.03528
2021 04 28 00 00 04.84806 1 -0.49104 -0.00000 0.29967 0.07028 0.17776 -0.08754 0.50451 -0.22953 0.44850 -0.18040 0.05255 -0.00503 0.31626 -0.17880 0.04204 0.23977 0.28271 -0.25480 -0.02964 0.44837 0.64610 -0.08630 -0.03528
2021 04 28 00 00 04.86472 1 -0.49104 -0.00000 0.29967 0.07028 0.17776 -0.08754 0.50451 -0.22953 0.44850 -0.18040 0.05255 -0.00503 0.31626 -0.17880 0.04204 0.23977 0.28271 -0.25480 -0.02964 0.44837 0.64610 -0.08630 -0.03528
2021 04 28 00 00 04.88138 1 -0.49104 -0.00000 0.29967 0.07028 0.17776 -0.08754 0.50451 -0.22953 0.44850 -0.18040 0.05255 -0.00503 0.31626 -0.17880 0.04204 0.23977 0.28271 -0.25480 -0.02964 0.44837 0.64610 -0.08630 -0.03528
2021 04 28 00 00 04.89804 1 -0.49104 -0.00000 0.29967 0.07028 0.17776 -0.08754 0.50451 -0.22953 0.44850 -0.18040 0.05255 -0.00503 0.31626 -0.17880 0.04204 0.23977 0.28271 -0.25480 -0.02964 0.44837 0.64610 -0.08630 -0.03528
2021 04 28 00 00 04.91470 1 -0.49104 -0.00000 0.29967 0.07028 0.14544 -0.08754 0.50451 -0.22953 0.44850 -0.18040 0.05255 -0.00503 0.31626 -0.17880 0.04204 0.23977 0.28271 -0.25480 -0.02964 0.44837 0.64610 -0.08630 -0.03528
2021 04 28 00 00 04.93136 1 -0.49104 -0.00000 0.29967 0.07028 0.14544 -0.08754 0.50451 -0.22953 0.44850 -0.18040 0.05255 -0.00503 0.31626 -0.17880 0.04204 0.23977 0.28271 -0.25480 -0.02964 0.44837 0.64610 -0.08630 -0.03528
2021 04 28 00 00 04.94802 1 -0.49104 -0.00000 0.29967 0.07028 0.14544 -0.08754 0.50451 -0.22953 0.44850 -0.18040 0.05255 -0.00503 0.31626 -0.17880 0.04204 0.23977 0.28271 -0.25480 -0.02964 0.44837 0.64610 -0.08630 -0.03528
2021 04 28 00 00 04.96468 1 -0.49104 -0.00000 0.29967 0.07028 0.14544 -0.08754 0.50451 -0.22953 0.44850 -0.18040 0.05255 -0.00503 0.31626 -0.17880 0.04204 0.23977 0.28271 -0.25480 -0.02964 0.44837 0.64610 -0.08630 -0.03528
2021 04 28 00 00 04.98134 1 -0.49104 -0.00000 0.29967 0.07028 0.14544 -0.08754 0.50451 -0.22953 0.44850 -0.18040 0.05255 -0.00503 0.31626 -0.17880 0.04204 0.23977 0.28271 -0.25480 -0.02964 0.44837 0.64610 -0.08630 -0.03528
2021 04 28 00 00 04.99800 1 -0.49104 -0.00000 0.29967 0.07028 0.14544 -0.08754 0.50451 -0.22953 0.44850 -0.18040 0.05255 -0.00503 0.31626 -0.17880 0.04204 0.23977 0.28271 -0.25480 -0.02964 0.44837 0.64610 -0.08630 -0.03528
2021 04 28 00 00 05.01466 1 -0.49104 -0.00000 0.29967 0.07028 0.14544 -0.08754 0.50451 -0.22953 0.44850 -0.18040 0.05255 -0.00503 0.31626 -0.17880 0.04204 0.23977 0.28271 -0.25480 -0.02964 0.44837 0.64610 -0.08630 -0.03528
2021 04 28 00 00 05.03132 1 -0.49104 -0.00000 0.29967 0.07028 0.14544 -0.08754 0.50451 -0.22953 0.44850 -0.18040 0.05255 -0.00503 0.31626 -0.17880 0.04204 0.23977 0.28271 -0.25480 -0.02964 0.44837 0.64610 -0.08630 -0.03528
2021 04 28 00 00 05.04798 1 -0.49104 -0.00000 0.29967 0.07028 0.14544 -0.08754 0.50451 -0.22953 0.44850 -0.18040 0.05255 -0.00503 0.31626 -0.17880 0.04204 0.23977 0.28271 -0.25480 -0.02964 0.44837 0.64610 -0.08630 -0.03528
2021 04 28 00 00 05.06464 1 -0.49104 -0.00000 0.29967 0.07028 0.14544 -0.08754 0.50451 -0.22953 0.44850 -0.18040 0.05255 -0.00503 0.31626 -0.17880 0.04204 0.23977 0.28271 -0.25480 -0.02964 0.44837 0.64610 -0.08630 -0.03528
2021 04 28 00 00 05.08130 1 -0.49104 -0.00000 0.29967 0.07028 0.14544 -0.08754 0.50451 -0.22953 0.44850 -0.18040 0.05255 -0.00503 0.31626 -0.17880 0.04204 0.23977 0.28271 -0.25480 -0.02964 0.44837 0.64610 -0.08630 -0.03528
2021 04 28 00 00 05.09796 1 -0.49104 -0.00000 0.29967 0.07028 0.14544 -0.08754 0.50451 -0.22953 0.44850 -0.18040 0.05255 -0.00503 0.31626 -0.17880 0.04204 0.23977 0.28271 -0.25480 -0.02964 0.44837 0.64610 -0.08630 -0.03528
2021 04 28 00 00 05.11462 1 -0.49104 -0.00000 0.29967 0.07028 0.14544 -0.08754 0.50451 -0.22953 0.44850 -0.18040 0.05255 -0.00503 0.31626 -0.17880 0.04204 0.23977 0.28271 -0.25480 -0.02964 0.44837 0.64610 -0.08630 -0.03528
2021 04 28 00 00 05.13128 1 -0.49104 -0.00000 0.29967 0.07028 0.14544 -0.08754 0.50451 -0.22953 0.44850 -0.18040 0.05255 -0.00503 0.31626 -0.17880 0.04204 0.23977 0.28271 -0.25480 -0.02964 0.44837 0.64610 -0.08630 -0.03528
2021 04 28 00 00 05.14794 1 -0.49104 -0.00000 0.29967 0.07028 0.14544 -0.08754 0.50451 -0.22953 0.44850 -0.18040 0.05255 -0.00503 0.31626 -0.17880 0.04204 0.23977 0.28271 -0.25480 -0.02964 0.44837 0.64610 -0.08630 -0.03528
2021 04 28 00 00 05.16460 1 -0.49104 -0.00000 0.29967 0.07028 0.14544 -0.08754 0.50451 -0.22953 0.44850 -0.18040 0.05255 -0.00503 0.31626 -0.17880 0.04204 0.23977 0.28271 -0.25480 -0.02964 0.44837 0.64610 -0.08630 -0.03528
2021 04 28 00 00 05.18126 1 -0.49104 -0.00000 0.29967 0.07028 0.14544 -0.08754 0.50451 -0.22953 0.44850 -0.18040 0.05255 -0.00503 0.31626 -0.17880 0.04204 0.23977 0.28271 -0.25480 -0.02964 0.44837 0.64610 -0.08630 -0.03528
2021 04 28 00 00 05.19792 1 -0.49104 -0.00000 0.29967 0.07028 0.14544 -0.08754 0.50451 -0.22953 0.44850 -0.18040 0.05255 -0.00503 0.31626 -0.17880 0.04204 0.23977 0.28271 -0.25480 -0.02964 0.44837 0.64610 -0.08630 -0.03528
2021 04 28 00 00 05.21458 1 -0.49104 -0.00000 0.29967 0.07028 0.14544 -0.08754 0.50451 -0.22953 0.44850 -0.18040 0.05255 -0.00503 0.31626 -0.17880 0.04204 0.23977 0.28271 -0.25480 -0.02964 0.44837 0.64610 -0.08630 -0.03528
2021 04 28 00 00 05.23124 1 -0.49104 -0.00000 0.29967 0.07028 0.14544 -0.08754 0.50451 -0.22953 0.44850 -0.18040 0.05255 -0.00503 0.31626 -0.17880 0.04204 0.23977 0.28271 -0.25480 -0.02964 0.44837 0.64610 -0.08630 -0.03528
2021 04 28 00 00 05.24790 1 -0.49104 -0.00000 0.29967 0.07028 0.14544 -0.08754 0.50451 -0.22953 0.44850 -0.18040 0.05255 -0.00503 0.31626 -0.17880 0.04204 0.23977 0.28271 -0.25480 -0.02964 0.44837 0.64610 -0.08630 -0.03528
2021 04 28 00 00 05.26456 1 -0.49104 -0.00000 0.29967 0.07028 0.14544 -0.08754 0.50451 -0.22953 0.44850 -0.18040 0.05255 -0.00503 0.31626 -0.17880 0.04204 0.23977 0.28271 -0.25480 -0.02964 0.44837 0.64610 -0.08630 -0.03528
2021 04 28 00 00 05.28122 1 -0.49104 -0.00000 0.29967 0.07028 0.14544 -0.08754 0.50451 -0.22953 0.44850 -0.18040 0.05255 -0.00503 0.31626 -0.17880 0.04204 0.23977 0.28271 -0.25480 -0.02964 0.44837 0.64610 -0.08630 -0.03528
2021 04 28 00 00 05.29788 1 -0.49104 -0.00000 0.29967 0.07028 0.14544 -0.08754 0.50451 -0.22953 0.44850 -0.18040 0.05255 -0.00503 0.31626 -0.17880 0.04204 0.23977 0.28271 -0.25480 -0.02964 0.44837 0.64610 -0.08630 -0.03528
2021 04 28 00 00 05.31454 1 -0.49104 -0.00000 0.29967 0.07028 0.14544 -0.08754 0.50451 -0.22953 0.44850 -0.18040 0.05255 -0.00503 0.31626 -0.17880 0.04204 0.23977 0.28271 -0.25480 -0.02964 0.44837 0.64610 -0.08630 -0.03528
2021 04 28 00 00 05.33120 1 -0.49104 -0.00000 0.29967 0.07028 0.14544 -0.08754 0.50451 -0.22953 0.44850 -0.18040 0.05255 -0.00503 0.31626 -0.17880 0.04204 0.23977 0.28271 -0.25480 -0.02964 0.44837 0.64610 -0.08630 -0.03528
2021 04 28 00 00 05.34786 1 -0.49104 -0.00000 0.29967 0.07028 0.14544 -0.08754 0.50451 -0.22953 0.44850 -0.18040 0.05255 -0.00503 0.31626 -0.17880 0.04204 0.23977 0.28271 -0.25480 -0.02964 0.44837 0.64610 -0.08630 -0.03528
2021 04 28 00 00 05.36452 1 -0.49104 -0.00000 0.29967 0.07028 0.14544 -0.08754 0.50451 -0.22953 0.44850 -0.18040 0.05255 -0.00503 0.31626 -0.17880 0.04204 0.23977 0.28271 -0.25480 -0.02964 0.44837 0.64610 -0.08630 -0.03528
2021 04 28 00 00 05.38118 1 -0.49104 -0.00000 0.29967 0.07028 0.14544 -0.08754 0.50451 -0.22953 0.44850 -0.18040 0.05255 -0.00503 0.31626 -0.17880 0.04204 0.23977 0.28271 -0.25480 -0.02964 0.44837 0.64610 -0.08630 -0.03528
2021 04 28 00 00 05.39784 1 -0.49104 -0.00000 0.29967 0.07028 0.14544 -0.08754 0.50451 -0.22953 0.44850 -0.18040 0.05255 -0.00503 0.31626 -0.17880 0.04204 0.23977 0.28271 -0.25480 -0.02964 0.44837 0.64610 -0.08630 -0.03528
2021 04 28 00 00 05.41450 1 -0.49104 -0.00000 0.29967 0.07028 0.14544 -0.08754 0.50451 -0.22953 0.44850 -0.18040 0.05255 -0.00503 0.31626 -0.17880 0.04204 0.23977 0.28271 -0.25480 -0.02964 0.44837 0.64610 -0.08630 -0.03528
2021 04 28 00 00 05.43116 1 -0.49104 -0.00000 0.29967 0.07028 0.14544 -0.08754 0.50451 -0.22953 0.44850 -0.18040 0.05255 -0.00503 0.31626 -0.17880 0.04204 0.23977 0.28271 -0.25480 -0.02964 0.44837 0.64610 -0.08630 -0.03528
2021 04 28 00 00 05.44782 1 -0.49104 -0.00000 0.29967 0.07028 0.14544 -0.08754 0.50451 -0.22953 0.44850 -0.18040 0.05255 -0.00503 0.31626 -0.17880 0.04204 0.23977 0.28271 -0.25480 -0.02964 0.44837 0.64610 -0.08630 -0.03528
2021 04 28 00 00 05.46448 1 -0.49104 -0.00000 0.29967 0.07028 0.14544 -0.08754 0.50451 -0.22953 0.44850 -0.18040 0.05255 -0.00503 0.31626 -0.17880 0.04204 0.23977 0.28271 -0.25480 -0.02964 0.44837 0.64610 -0.08630 -0.03528
2021 04 28 00 00 05.48114 1 -0.49104 -0.00000 0.29967 0.07028 0.14544 -0.08754 0.50451 -0.22953 0.44850 -0.18040 0.05255 -0.00503 0.31626 -0.17880 0.04204 0.23977 0.28271 -0.25480 -0.02964 0.44837 0.64610 -0.08630 -0.03528
2021 04 28 00 00 05.49780 1 -0.49104 -0.00000 0.29967 0.07028 0.14544 -0.08754 0.50451 -0.22953 0.44850 -0.18040 0.05255 -0.00503 0.31626 -0.17880 0.04204 0.23977 0.28271 -0.25480 -0.02964 0.44837 0.64610 -0.08630 -0.03528
2021 04 28 00 00 05.51446 1 -0.49104 -0.00000 0.29967 0.07028 0.14544 -0.08754 0.50451 -0.22953 0.44850 -0.18040 0.05255 -0.00503 0.31626 -0.17880 0.04204 0.23977 0.28271 -0.25480 -0.02964 0.44837 0.64610 -0.08630 -0.03528
2021 04 28 00 00 05.53112 1 -0.49104 -0.00000 0.29967 0.07028 0.14544 -0.08754 0.50451 -0.22953 0.44850 -0.18040 0.05255 -0.00503 0.31626 -0.17880 0.04204 0.23977 0.28271 -0.25480 -0.02964 0.44837 0.64610 -0.08630 -0.03528
2021 04 28 00 00 05.54778 1 -0.49104 -0.00000 0.29967 0.07028 0.14544 -0.08754 0.50451 -0.22953 0.44850 -0.18040 0.05255 -0.00503 0.31626 -0.17880 0.04204 0.23977 0.28271 -0.25480 -0.02964 0.44837 0.64610 -0.08630 -0.03528
2021 04 28 00 00 05.56444 1 -0.49104 -0.00000 0.29967 0.07028 0.14544 -0.08754 0.50451 -0.22953 0.44850 -0.18040 0.05255 -0.00503 0.31626 -0.17880 0.04204 0.23977 0.28271 -0.25480 -0.02964 0.44837 0.64610 -0.08630 -0.03528
2021 04 28 00 00 05.58110 1 -0.49104 -0.00000 0.29967 0.07028 0.14544 -0.08754 0.50451 -0.22953 0.44850 -0.18040 0.05255 -0.00503 0.31626 -0.17880 0.04204 0.23977 0.28271 -0.25480 -0.02964 0.44837 0.64610 -0.08630 -0.03528
2021 04 28 00 00 05.59776 1 -0.49104 -0.00000 0.29967 0.07028 0.14544 -0.08754 0.50451 -0.22953 0.44850 -0.18040 0.05255 -0.00503 0.31626 -0.17880 0.04204 0.23977 0.28271 -0.25480 -0.02964 0.44837 0.64610 -0.08630 -0.03528
2021 04 28 00 00 05.61442 1 -0.49104 -0.00000 0.29967 0.07028 0.14544 -0.08754 0.50451 -0.22953 0.44850 -0.18040 0.05255 -0.00503 0.31626 -0.17880 0.04204 0.23977 0.28271 -0.25480 -0.02964 0.44837 0.64610 -0.08630 -0.03528
2021 04 28 00 00 05.63108 1 -0.49104 -0.00000 0.29967 0.07028 0.14544 -0.08754 0.50451 -0.22953 0.44850 -0.18040 0.05255 -0.00503 0.31626 -0.17880 0.04204 0.23977 0.28271 -0.25480 -0.02964 0.44837 0.64610 -0.08630 -0.03528
2021 04 28 00 00 05.64774 1 -0.49104 -0.00000 0.29967 0.07028 0.14544 -0.08754 0.50451 -0.22953 0.44850 -0.18040 0.05255 -0.00503 0.31626 -0.17880 0.04204 0.23977 0.28271 -0.25480 -0.02964 0.44837 0.64610 -0.08630 -0.03528
2021 04 28 00 00 05.66440 1 -0.49104 -0.00000 0.29967 0.07028 0.14544 -0.08754 0.50451 -0.23629 0.44850 -0.18040 0.05255 -0.00281 0.31626 -0.17880 0.04204 0.24199 0.28271 -0.25480 -0.02964 0.45059 0.64610 -0.08630 -0.03528
2021 04 28 00 00 05.68106 1 -0.49104 -0.00000 0.29967 0.07028 0.14544 -0.08754 0.50451 -0.23629 0.44850 -0.18040 0.05255 -0.00281 0.31626 -0.17880 0.04204 0.24199 0.28271 -0.25480 -0.02964 0.45059 0.64610 -0.08630 -0.03528
2021 04 28 00 00 05.69772 1 -0.49104 -0.00000 0.29967 0.07028 0.14544 -0.08754 0.50451 -0.23629 0.44850 -0.18040 0.05255 -0.00281 0.31626 -0.17880 0.04204 0.24199 0.28271 -0.25480 -0.02964 0.45059 0.64610 -0.08630 -0.03528
2021 04 28 00 00 05.71438 1 -0.49104 -0.00000 0.29967 0.07028 0.14544 -0.08754 0.50451 -0.23629 0.44850 -0.18040 0.05255 -0.00281 0.28112 -0.17880 0.04204 0.24199 0.28271 -0.25480 -0.02964 0.46251 0.64610 -0.08630 -0.03528
2021 04 28 00 00 05.73104 1 -0.49104 -0.00000 0.29967 0.07028 0.14544 -0.08754 0.50451 -0.23932 0.44850 -0.18040 0.05255 -0.00584 0.28112 -0.17880 0.04204 0.25120 0.28271 -0.25480 -0.02964 0.47172 0.64610 -0.08630 -0.03528
2021 04 28 00 00 05.74770 1 -0.49104 -0.00000 0.29967 0.07028 0.14544 -0.08754 0.50451 -0.23932 0.44850 -0.18040 0.05255 -0.00584 0.28112 -0.17880 0.06306 0.25120 0.28271 -0.25480 -0.02964 0.47172 0.64610 -0.08630 -0.03528
2021 04 28 00 00 05.76436 1 -0.49104 -0.00000 0.29967 0.07028 0.14544 -0.08754 0.50451 -0.23932 0.44850 -0.18040 0.05255 -0.00584 0.28112 -0.21456 0.06306 0.25120 0.28271 -0.25480 -0.02964 0.47172 0.64610 -0.08630 -0.03528
2021 04 28 00 00 05.78102 1 -0.49104 -0.00000 0.29967 0.07028 0.14544 -0.08754 0.50451 -0.23932 0.44850 -0.18040 0.05255 -0.00584 0.28112 -0.21456 0.06306 0.25120 0.28271 -0.25480 -0.02964 0.47172 0.64610 -0.08630 -0.03528
2021 04 28 00 00 05.79768 1 -0.49104 -0.00000 0.29967 0.07028 0.14544 -0.08754 0.50451 -0.23932 0.44850 -0.18040 0.05255 -0.00584 0.28112 -0.21456 0.06306 0.25120 0.28271 -0.25480 -0.02964 0.47172 0.64610 -0.08630 -0.03528
2021 04 28 00 00 05.81434 1 -0.49104 -0.00000 0.29967 0.07028 0.14544 -0.08754 0.50451 -0.23932 0.44850 -0.18040 0.05255 -0.00584 0.28112 -0.21456 0.06306 0.25120 0.28271 -0.25480 -0.02964 0.47172 0.64610 -0.08630 -0.03528
2021 04 28 00 00 05.83100 1 -0.49104 -0.00000 0.29967 0.07028 0.14544 -0.08754 0.50451 -0.23932 0.44850 -0.18040 0.05255 -0.00584 0.28112 -0.21456 0.06306 0.25120 0.28271 -0.25480 -0.02964 0.47172 0.64610 -0.08630 -0.03528
2021 04 28 00 00 05.84766 1 -0.52272 -0.00000 0.29967 0.07028 0.14544 -0.08754 0.50451 -0.23932 0.44850 -0.18040 0.05255 -0.00584 0.28112 -0.21456 0.06306 0.25120 0.28271 -0.25480 -0.02964 0.47172 0.64610 -0.08630 -0.03528
2021 04 28 00 00 05.86432 1 -0.52272 -0.00000 0.29967 0.07028 0.14544 -0.08754 0.50451 -0.23932 0.44850 -0.18040 0.05255 -0.00584 0.28112 -0.21456 0.06306 0.25120 0.28271 -0.25480 -0.02964 0.47172 0.64610 -0.08630 -0.03528
2021 04 28 00 00 05.88098 1 -0.52272 -0.00000 0.29967 0.07028 0.14544 -0.08754 0.50451 -0.23932 0.44850 -0.18040 0.05255 -0.00584 0.28112 -0.21456 0.06306 0.25120 0.28271 -0.25480 -0.02964 0.47172 0.64610 -0.08630 -0.03528
2021 04 28 00 00 05.89764 1 -0.52272 -0.00000 0.29967 0.07028 0.14544 -0.08754 0.50451 -0.23932 0.44850 -0.18040 0.05255 -0.00584 0.28112 -0.21456 0.06306 0.25120 0.28271 -0.25480 -0.02964 0.47172 0.64610 -0.08630 -0.03528
2021 04 28 00 00 05.91430 1 -0.52272 -0.00000 0.29967 0.07028 0.14544 -0.08754 0.50451 -0.23932 0.44850 -0.18040 0.05255 -0.00584 0.28112 -0.21456 0.06306 0.25120 0.28271 -0.25480 -0.02964 0.47172 0.64610 -0.08630 -0.03528
2021 04 28 00 00 05.93096 1 -0.52272 -0.00000 0.29967 0.07028 0.14544 -0.08754 0.50451 -0.23932 0.44850 -0.18040 0.05255 -0.00584 0.28112 -0.21456 0.06306 0.25120 0.28271 -0.25480 -0.02964 0.47172 0.64610 -0.08630 -0.03528
2021 04 28 00 00 05.94762 1 -0.52272 -0.00000 0.29967 0.07028 0.14544 -0.08754 0.50451 -0.23932 0.44850 -0.18040 0.05255 -0.00584 0.28112 -0.21456 0.06306 0.25120 0.28271 -0.25480 -0.02964 0.47172 0.64610 -0.08630 -0.03528
2021 04 28 00 00 05.96428 1 -0.52272 -0.00000 0.29967 0.07028 0.14544 -0.08754 0.50451 -0.23932 0.44850 -0.18040 0.05255 -0.00584 0.24598 -0.21456 0.06306 0.25120 0.28271 -0.25480 -0.02964 0.47172 0.64610 -0.08630 -0.03528
2021 04 28 00 00 05.98094 1 -0.52272 -0.00000 0.29967 0.07028 0.14544 -0.08754 0.50451 -0.23932 0.44850 -0.18040 0.05255 -0.00584 0.24598 -0.21456 0.06306 0.25120 0.28271 -0.25480 -0.02964 0.47172 0.64610 -0.08630 -0.03528
2021 04 28 00 00 05.99760 1 -0.52272 -0.00000 0.29967 0.07028 0.14544 -0.08754 0.50451 -0.23932 0.44850 -0.18040 0.05255 -0.00584 0.24598 -0.21456 0.06306 0.25120 0.28271 -0.25480 -0.02964 0.47172 0.64610 -0.08630 -0.03528
2021 04 28 00 00 06.01426 1 -0.52272 -0.00000 0.29967 0.07028 0.14544 -0.08754 0.50451 -0.23932 0.41400 -0.18040 0.05255 -0.00584 0.24598 -0.21456 0.06306 0.25120 0.28271 -0.25480 -0.02964 0.47172 0.64610 -0.08630 -0.03528
2021 04 28 00 00 06.03092 1 -0.52272 -0.00000 0.29967 0.07028 0.11312 -0.08754 0.50451 -0.23932 0.41400 -0.18040 0.05255 -0.00584 0.24598 -0.21456 0.06306 0.25120 0.28271 -0.25480 -0.02964 0.47172 0.64610 -0.08630 -0.03528
2021 04 28 00 00 06.04758 1 -0.52272 -0.00000 0.29967 0.07028 0.11312 -0.08754 0.50451 -0.23932 0.41400 -0.18040 0.05255 -0.00584 0.24598 -0.21456 0.06306 0.25120 0.28271 -0.25480 -0.02964 0.47172 0.64610 -0.08630 -0.03528
2021 04 28 00 00 06.06424 1 -0.52272 -0.00000 0.29967 0.07028 0.11312 -0.08754 0.50451 -0.23932 0.41400 -0.18040 0.05255 -0.00584 0.24598 -0.21456 0.06306 0.25120 0.28271 -0.25480 -0.02964 0.47172 0.64610 -0.08630 -0.03528
2021 04 28 00 00 06.08090 1 -0.52272 -0.00000 0.29967 0.07028 0.11312 -0.08754 0.50451 -0.23932 0.41400 -0.18040 0.05255 -0.00584 0.24598 -0.21456 0.06306 0.25120 0.28271 -0.25480 -0.02964 0.47172 0.64610 -0.08630 -0.03528
2021 04 28 00 00 06.09756 1 -0.52272 -0.00000 0.29967 0.07028 0.11312 -0.08754 0.50451 -0.23932 0.41400 -0.18040 0.05255 -0.00584 0.24598 -0.21456 0.06306 0.25120 0.28271 -0.25480 -0.02964 0.47172 0.64610 -0.08630 -0.03528
2021 04 28 00 00 06.11422 1 -0.52272 -0.00000 0.29967 0.07028 0.11312 -0.08754 0.50451 -0.23932 0.41400 -0.18040 0.05255 -0.00584 0.24598 -0.21456 0.06306 0.25120 0.28271 -0.25480 -0.02964 0.47172 0.64610 -0.08630 -0.03528
2021 04 28 00 00 06.13088 1 -0.52272 -0.00000 0.29967 0.07028 0.11312 -0.08754 0.50451 -0.23932 0.41400 -0.18040 0.05255 -0.00584 0.24598 -0.21456 0.06306 0.25120 0.28271 -0.25480 -0.02964 0.48364 0.64610 -0.08630 -0.03528
2021 04 28 00 00 06.14754 1 -0.52272 -0.00000 0.29967 0.07028 0.11312 -0.08754 0.50451 -0.23932 0.41400 -0.18040 0.05255 -0.00584 0.24598 -0.21456 0.06306 0.25120 0.28271 -0.25480 -0.02964 0.48364 0.64610 -0.08630 -0.03528
2021 04 28 00 00 06.16420 1 -0.52272 -0.00000 0.29967 0.07028 0.11312 -0.08754 0.50451 -0.23932 0.41400 -0.18040 0.05255 -0.00584 0.24598 -0.21456 0.06306 0.25120 0.28271 -0.25480 -0.02964 0.48364 0.64610 -0.08630 -0.03528
2021 04 28 00 00 06.18086 1 -0.52272 -0.00000 0.29967 0.07028 0.11312 -0.08754 0.50451 -0.23932 0.41400 -0.18040 0.05255 -0.00584 0.24598 -0.21456 0.06306 0.25120 0.28271 -0.25480 -0.02964 0.48364 0.64610 -0.08630 -0.03528
2021 04 28 00 00 06.19752 1 -0.52272 -0.00000 0.29967 0.07028 0.11312 -0.08754 0.50451 -0.23629 0.41400 -0.18040 0.05255 -0.00281 0.21084 -0.21456 0.06306 0.24199 0.28271 -0.25480 -0.02964 0.47443 0.64610 -0.08630 -0.03528
2021 04 28 00 00 06.21418 1 -0.52272 -0.00000 0.29967 0.07028 0.11312 -0.08754 0.50451 -0.23629 0.41400 -0.18040 0.05255 -0.00281 0.21084 -0.21456 0.08408 0.24199 0.24945 -0.25480 -0.02964 0.47443 0.64610 -0.08630 -0.03528
2021 04 28 00 00 06.23084 1 -0.52272 -0.00000 0.29967 0.07028 0.11312 -0.08754 0.50451 -0.23629 0.37950 -0.18040 0.05255 -0.00281 0.21084 -0.21456 0.08408 0.24199 0.24945 -0.25480 -0.02964 0.47443 0.64610 -0.08630 -0.03528
2021 04 28 00 00 06.24750 1 -0.52272 -0.00000 0.29967 0.07028 0.11312 -0.08754 0.50451 -0.23629 0.37950 -0.18040 0.05255 -0.00281 0.14056 -0.26820 0.08408 0.24199 0.24945 -0.25480 -0.02964 0.47443 0.64610 -0.08630 -0.03528
2021 04 28 00 00 06.26416 1 -0.52272 -0.00000 0.29967 0.07028 0.11312 -0.08754 0.50451 -0.23629 0.34500 -0.18040 0.05255 -0.00281 0.14056 -0.26820 0.08408 0.24199 0.24945 -0.25480 -0.02964 0.48635 0.64610 -0.08630 -0.03528
2021 04 28 00 00 06.28082 1 -0.52272 -0.00000 0.29967 0.07028 0.11312 -0.08754 0.50451 -0.24084 0.34500 -0.18040 0.05255 -0.00736 0.08785 -0.32184 0.08408 0.25580 0.24945 -0.25480 -0.02964 0.50016 0.64610 -0.08630 -0.03528
2021 04 28 00 00 06.29748 1 -0.52272 -0.00000 0.29967 0.07028 0.11312 -0.08754 0.50451 -0.24084 0.31050 -0.18040 0.05255 -0.00736 0.08785 -0.32184 0.08408 0.25580 0.24945 -0.25480 -0.02964 0.50016 0.64610 -0.08630 -0.03528
2021 04 28 00 00 06.31414 1 -0.52272 -0.00000 0.27113 0.07028 0.08080 -0.08754 0.50451 -0.24388 0.31050 -0.18040 0.05255 -0.01040 0.01757 -0.35760 0.08408 0.26500 0.24945 -0.25480 -0.02964 0.50936 0.64610 -0.08630 -0.03528
2021 04 28 00 00 06.33080 1 -0.52272 -0.00000 0.27113 0.07028 0.08080 -0.08754 0.50451 -0.25518 0.25875 -0.18040 0.05255 -0.01272 -0.01757 -0.35760 0.08408 0.28104 0.24945 -0.21840 -0.00988 0.52540 0.64610 -0.08630 -0.03528
2021 04 28 00 00 06.34746 1 -0.52272 -0.00000 0.27113 0.07028 0.08080 -0.08754 0.50451 -0.25518 0.25875 -0.18040 0.05255 -0.01272 -0.07028 -0.35760 0.08408 0.28104 0.24945 -0.21840 -0.00988 0.52540 0.64610 -0.08630 -0.03528
2021 04 28 00 00 06.36412 1 -0.52272 -0.00000 0.27113 0.07028 0.08080 -0.08754 0.50451 -0.25974 0.25875 -0.18040 0.05255 -0.01728 -0.10542 -0.35760 0.08408 0.29484 0.24945 -0.21840 -0.00988 0.53920 0.64610 -0.08630 -0.03528
2021 04 28 00 00 06.38078 1 -0.52272 -0.00000 0.27113 0.07028 0.08080 -0.08754 0.50451 -0.25974 0.20700 -0.18040 0.05255 -0.01728 -0.10542 -0.39336 0.08408 0.29484 0.24945 -0.21840 -0.00988 0.53920 0.64610 -0.08630 -0.03528
2021 04 28 00 00 06.39744 1 -0.52272 -0.00000 0.27113 0.08032 0.08080 -0.08754 0.50451 -0.26277 0.20700 -0.18040 0.05255 -0.02031 -0.15813 -0.39336 0.08408 0.30405 0.21619 -0.21840 -0.00988 0.54841 0.64610 -0.08630 -0.03528
2021 04 28 00 00 06.41410 1 -0.52272 -0.00000 0.27113 0.08032 0.08080 -0.08754 0.50451 -0.26277 0.20700 -0.18040 0.05255 -0.02031 -0.21084 -0.39336 0.08408 0.30405 0.21619 -0.21840 -0.00988 0.54841 0.64610 -0.08630 -0.03528
2021 04 28 00 00 06.43076 1 -0.52272 -0.00000 0.27113 0.08032 0.08080 -0.08754 0.50451 -0.26884 0.15525 -0.14432 0.05255 -0.02638 -0.26355 -0.39336 0.08408 0.32246 0.21619 -0.21840 -0.00988 0.56682 0.64610 -0.08630 -0.03528
2021 04 28 00 00 06.44742 1 -0.52272 -0.04377 0.27113 0.08032 0.04848 -0.08754 0.50451 -0.26884 0.15525 -0.14432 0.05255 -0.02638 -0.33383 -0.39336 0.08408 0.32246 0.21619 -0.21840 -0.00988 0.56682 0.64610 -0.08630 -0.03528
2021 04 28 00 00 06.46408 1 -0.52272 -0.04377 0.27113 0.08032 0.04848 -0.08754 0.50451 -0.27491 0.10350 -0.14432 0.05255 -0.03245 -0.42168 -0.42912 0.08408 0.34087 0.18293 -0.21840 -0.00988 0.57331 0.64610 -0.08630 -0.03528
2021 04 28 00 00 06.48074 1 -0.52272 -0.04377 0.27113 0.08032 0.04848 -0.08754 0.50451 -0.27947 0.10350 -0.14432 0.05255 -0.03701 -0.50953 -0.42912 0.08408 0.35467 0.18293 -0.21840 0.00988 0.58711 0.57330 -0.08630 -0.03528
2021 04 28 00 00 06.49740 1 -0.52272 -0.04377 0.27113 0.08032 0.04848 -0.08754 0.50451 -0.27727 0.01725 -0.14432 0.05255 -0.04379 -0.59738 -0.42912 0.08408 0.36625 0.13304 -0.21840 0.00988 0.57485 0.51870 -0.08630 -0.03528
2021 04 28 00 00 06.51406 1 -0.52272 -0.04377 0.27113 0.09036 -0.00000 -0.08754 0.50451 -0.28030 -0.01725 -0.14432 0.05255 -0.04682 -0.66766 -0.42912 0.08408 0.37546 0.13304 -0.21840 0.00988 0.58406 0.45500 -0.06041 -0.03528
2021 04 28 00 00 06.53072 1 -0.52272 -0.04377 0.27113 0.09036 -0.00000 -0.08754 0.50451 -0.27658 -0.06900 -0.14432 0.05255 -0.05208 -0.75551 -0.48276 0.08408 0.38244 0.08315 -0.21840 0.00988 0.57316 0.39130 -0.06041 -0.03528
2021 04 28 00 00 06.54738 1 -0.52272 -0.04377 0.27113 0.09036 -0.00000 -0.08754 0.50451 -0.27962 -0.10350 -0.10824 0.05255 -0.05512 -0.82579 -0.48276 0.08408 0.39164 0.08315 -0.21840 0.00988 0.56448 0.30940 -0.06041 -0.03528
2021 04 28 00 00 06.56404 1 -0.52272 -0.04377 0.27113 0.09036 -0.03232 -0.08754 0.50451 -0.28266 -0.15525 -0.10824 0.05255 -0.05816 -0.89607 -0.51852 0.08408 0.40084 0.03326 -0.21840 0.00988 0.55580 0.23660 -0.06041 -0.03528
2021 04 28 00 00 06.58070 1 -0.52272 -0.04377 0.27113 0.10040 -0.03232 -0.08754 0.50451 -0.27590 -0.20700 -0.10824 0.05255 -0.06038 -0.96635 -0.51852 0.08408 0.39862 -0.00000 -0.21840 0.02964 0.53570 0.15470 -0.06041 -0.03528
2021 04 28 00 00 06.59736 1 -0.52272 -0.04377 0.27113 0.10040 -0.06464 -0.08754 0.50451 -0.28197 -0.24150 -0.10824 0.05255 -0.06645 -1.03663 -0.55428 0.08408 0.41703 -0.03326 -0.21840 0.02964 0.52431 0.06370 -0.04315 -0.03528
2021 04 28 00 00 06.61402 1 -0.52272 -0.04377 0.27113 0.10040 -0.06464 -0.08754 0.50451 -0.28197 -0.31050 -0.10824 0.05255 -0.06645 -1.12448 -0.55428 0.08408 0.41703 -0.06652 -0.21840 0.02964 0.50047 -0.01820 -0.04315 -0.03528
2021 04 28 00 00 06.63068 1 -0.52272 -0.04377 0.27113 0.11044 -0.09696 -0.08754 0.50451 -0.28501 -0.37950 -0.10824 0.05255 -0.06949 -1.17719 -0.59004 0.08408 0.42623 -0.11641 -0.21840 0.02964 0.47987 -0.09100 -0.04315 -0.03528
2021 04 28 00 00 06.64734 1 -0.52272 -0.04377 0.27113 0.11044 -0.09696 -0.08754 0.50451 -0.27826 -0.43125 -0.10824 0.07357 -0.07172 -1.24747 -0.59004 0.08408 0.42400 -0.14967 -0.21840 0.02964 0.44784 -0.16380 -0.04315 -0.03528
2021 04 28 00 00 06.66400 1 -0.55440 -0.04377 0.27113 0.11044 -0.14544 -0.08754 0.50451 -0.27826 -0.50025 -0.07216 0.07357 -0.07172 -1.31775 -0.59004 0.08408 0.42400 -0.19956 -0.16380 0.02964 0.42400 -0.22750 -0.04315 -0.03528
2021 04 28 00 00 06.68066 1 -0.55440 -0.04377 0.27113 0.12550 -0.14544 -0.08754 0.50451 -0.27150 -0.55200 -0.07216 0.07357 -0.07394 -1.37046 -0.59004 0.08408 0.42178 -0.23282 -0.16380 0.02964 0.39794 -0.27300 -0.02589 -0.03528
2021 04 28 00 00 06.69732 1 -0.55440 -0.04377 0.27113 0.12550 -0.19392 -0.08754 0.50451 -0.27150 -0.60375 -0.07216 0.07357 -0.07394 -1.42317 -0.64368 0.08408 0.42178 -0.26608 -0.16380 0.02964 0.37410 -0.31850 -0.02589 -0.03528
2021 04 28 00 00 06.71398 1 -0.55440 -0.04377 0.27113 0.12550 -0.19392 -0.08754 0.50451 -0.26137 -0.67275 -0.07216 0.07357 -0.07728 -1.45831 -0.67944 0.08408 0.41844 -0.29934 -0.16380 0.02964 0.35884 -0.35490 -0.02589 -0.03528
2021 04 28 00 00 06.73064 1 -0.58608 -0.04377 0.27113 0.13554 -0.25856 -0.08754 0.50451 -0.26137 -0.72450 -0.07216 0.07357 -0.07728 -1.51102 -0.73308 0.08408 0.41844 -0.29934 -0.16380 0.02964 0.34096 -0.38220 -0.02589 -0.03528
2021 04 28 00 00 06.74730 1 -0.58608 -0.04377 0.27113 0.13554 -0.25856 -0.08754 0.50451 -0.25124 -0.79350 -0.07216 0.07357 -0.08062 -1.56373 -0.76884 0.08408 0.41510 -0.36586 -0.16380 0.02964 0.32570 -0.42770 -0.00863 -0.03528
2021 04 28 00 00 06.76396 1 -0.58608 -0.04377 0.27113 0.13554 -0.32320 -0.08754 0.50451 -0.25124 -0.84525 -0.07216 0.07357 -0.08062 -1.59887 -0.82248 0.08408 0.41510 -0.36586 -0.21840 0.02964 0.31378 -0.46410 -0.00863 -0.03528
2021 04 28 00 00 06.78062 1 -0.58608 -0.04377 0.27113 0.13554 -0.32320 -0.05836 0.50451 -0.23470 -0.89700 -0.07216 0.07357 -0.08204 -1.63401 -0.85824 0.08408 0.40144 -0.41575 -0.21840 0.02964 0.30012 -0.50050 -0.00863 -0.03528
2021 04 28 00 00 06.79728 1 -0.58608 -0.04377 0.27113 0.13554 -0.35552 -0.05836 0.50451 -0.23470 -0.94875 -0.07216 0.07357 -0.08204 -1.68672 -0.89400 0.08408 0.40144 -0.41575 -0.21840 0.02964 0.28224 -0.51870 -0.00863 -0.03528
2021 04 28 00 00 06.81394 1 -0.58608 -0.04377 0.27113 0.13554 -0.35552 -0.05836 0.50451 -0.21850 -1.00050 -0.07216 0.07357 -0.07931 -1.72186 -0.94764 0.08408 0.37969 -0.44901 -0.27300 0.02964 0.26049 -0.54600 -0.00863 -0.03528
2021 04 28 00 00 06.83060 1 -0.61776 -0.04377 0.27113 0.14558 -0.42016 -0.05836 0.50451 -0.21175 -1.03500 -0.07216 0.07357 -0.08154 -1.72186 -0.98340 0.08408 0.37746 -0.44901 -0.27300 0.02964 0.25826 -0.54600 -0.00863 -0.03528
2021 04 28 00 00 06.84726 1 -0.61776 -0.04377 0.27113 0.14558 -0.42016 -0.05836 0.50451 -0.20720 -1.08675 -0.07216 0.07357 -0.07699 -1.77457 -1.03704 0.08408 0.36365 -0.48227 -0.30940 0.02964 0.22657 -0.58240 0.00863 -0.03528
2021 04 28 00 00 06.86392 1 -0.61776 -0.04377 0.27113 0.14558 -0.46864 -0.05836 0.50451 -0.19369 -1.12125 -0.07216 0.07357 -0.08144 -1.77457 -1.07280 0.08408 0.35920 -0.48227 -0.30940 0.02964 0.22212 -0.58240 0.00863 -0.03528
2021 04 28 00 00 06.88058 1 -0.61776 -0.04377 0.27113 0.14558 -0.46864 -0.05836 0.50451 -0.19369 -1.12125 -0.07216 0.09459 -0.08144 -1.82728 -1.12644 0.08408 0.35920 -0.51553 -0.30940 0.02964 0.22212 -0.58240 0.00863 -0.03528
2021 04 28 00 00 06.89724 1 -0.61776 -0.04377 0.27113 0.14558 -0.50096 -0.05836 0.50451 -0.18390 -1.17300 -0.07216 0.09459 -0.08063 -1.82728 -1.16220 0.08408 0.34777 -0.51553 -0.36400 0.02964 0.21069 -0.58240 0.00863 -0.03528
2021 04 28 00 00 06.91390 1 -0.61776 -0.04377 0.27113 0.14558 -0.50096 -0.05836 0.50451 -0.18390 -1.22475 -0.07216 0.09459 -0.08063 -1.86242 -1.21584 0.08408 0.34777 -0.51553 -0.36400 0.00988 0.21069 -0.60060 0.00863 -0.03528
2021 04 28 00 00 06.93056 1 -0.61776 -0.04377 0.27113 0.14558 -0.53328 -0.05836 0.50451 -0.17411 -1.22475 -0.07216 0.09459 -0.07982 -1.86242 -1.26948 0.08408 0.33634 -0.56542 -0.40040 0.00988 0.19926 -0.60060 0.00863 -0.02744
2021 04 28 00 00 06.94722 1 -0.64944 -0.04377 0.27113 0.14558 -0.53328 -0.05836 0.50451 -0.17411 -1.27650 -0.10824 0.09459 -0.07982 -1.89756 -1.30524 0.08408 0.33634 -0.56542 -0.40040 0.00988 0.19926 -0.60060 0.00863 -0.02744
2021 04 28 00 00 06.96388 1 -0.64944 -0.04377 0.27113 0.14558 -0.58176 -0.05836 0.50451 -0.16956 -1.27650 -0.10824 0.09459 -0.07527 -1.89756 -1.35888 0.08408 0.32253 -0.61531 -0.45500 0.00988 0.18545 -0.57330 0.00863 -0.02744
2021 04 28 00 00 06.98054 1 -0.64944 -0.04377 0.27113 0.14558 -0.58176 -0.05836 0.50451 -0.16281 -1.34550 -0.10824 0.09459 -0.07750 -1.95027 -1.41252 0.08408 0.32030 -0.61531 -0.45500 0.00988 0.18322 -0.54600 0.00863 -0.02744
2021 04 28 00 00 06.99720 1 -0.64944 -0.04377 0.27113 0.14558 -0.63024 -0.05836 0.50451 -0.15977 -1.38000 -0.14432 0.09459 -0.07446 -1.95027 -1.44828 0.08408 0.31110 -0.66520 -0.50960 0.00988 0.17402 -0.52780 0.03452 -0.02744
2021 04 28 00 00 07.01386 1 -0.64944 -0.04377 0.27113 0.14558 -0.63024 -0.05836 0.50451 -0.15977 -1.38000 -0.14432 0.09459 -0.07446 -1.95027 -1.48404 0.08408 0.31110 -0.66520 -0.50960 0.00988 0.19190 -0.50050 0.03452 -0.02744
2021 04 28 00 00 07.03052 1 -0.64944 -0.04377 0.27113 0.14558 -0.66256 -0.05836 0.50451 -0.15977 -1.44900 -0.14432 0.09459 -0.07446 -1.98541 -1.51980 0.08408 0.31110 -0.71509 -0.54600 0.00988 0.19190 -0.46410 0.03452 -0.02744
2021 04 28 00 00 07.04718 1 -0.64944 -0.04377 0.27113 0.14558 -0.66256 -0.05836 0.50451 -0.14509 -1.44900 -0.18040 0.09459 -0.07325 -1.98541 -1.57344 0.08408 0.29395 -0.71509 -0.54600 0.00988 0.17475 -0.43680 0.03452 -0.02744
2021 04 28 00 00 07.06384 1 -0.64944 -0.04377 0.27113 0.15562 -0.71104 -0.05836 0.50451 -0.14509 -1.51800 -0.18040 0.09459 -0.07325 -2.03812 -1.57344 0.08408 0.29395 -0.76498 -0.54600 0.00988 0.18667 -0.40040 0.03452 -0.02744
2021 04 28 00 00 07.08050 1 -0.64944 -0.04377 0.27113 0.15562 -0.71104 -0.05836 0.50451 -0.14509 -1.51800 -0.18040 0.09459 -0.07325 -2.03812 -1.62708 0.08408 0.29395 -0.76498 -0.60060 0.00988 0.18667 -0.36400 0.05178 -0.02744
2021 04 28 00 00 07.09716 1 -0.64944 -0.04377 0.27113 0.15562 -0.74336 -0.05836 0.50451 -0.14509 -1.55250 -0.21648 0.09459 -0.07325 -2.03812 -1.62708 0.08408 0.29395 -0.83150 -0.60060 0.00988 0.18667 -0.31850 0.05178 -0.02744
2021 04 28 00 00 07.11382 1 -0.64944 -0.04377 0.27113 0.15562 -0.74336 -0.05836 0.50451 -0.13834 -1.60425 -0.21648 0.09459 -0.07548 -2.07326 -1.68072 0.08408 0.29172 -0.83150 -0.60060 0.00988 0.20232 -0.27300 0.05178 -0.02744
2021 04 28 00 00 07.13048 1 -0.64944 -0.07295 0.27113 0.15562 -0.79184 -0.05836 0.50451 -0.13834 -1.60425 -0.21648 0.09459 -0.07548 -2.07326 -1.68072 0.08408 0.29172 -0.89802 -0.60060 0.00988 0.20232 -0.21840 0.05178 -0.02744
2021 04 28 00 00 07.14714 1 -0.64944 -0.07295 0.27113 0.15562 -0.79184 -0.05836 0.50451 -0.13530 -1.65600 -0.27060 0.09459 -0.07244 -2.07326 -1.75224 0.08408 0.28252 -0.93128 -0.63700 0.00988 0.20504 -0.17290 0.06904 -0.02744
2021 04 28 00 00 07.16380 1 -0.64944 -0.07295 0.27113 0.15562 -0.84032 -0.05836 0.50451 -0.12855 -1.69050 -0.27060 0.09459 -0.07467 -2.12597 -1.75224 0.11561 0.28029 -0.96454 -0.63700 0.00988 0.20281 -0.10920 0.06904 -0.02744
2021 04 28 00 00 07.18046 1 -0.64944 -0.07295 0.27113 0.15562 -0.84032 -0.05836 0.50451 -0.12855 -1.69050 -0.32472 0.09459 -0.07467 -2.12597 -1.78800 0.11561 0.28029 -0.99780 -0.63700 0.00988 0.20281 -0.04550 0.06904 -0.02744
2021 04 28 00 00 07.19712 1 -0.64944 -0.07295 0.27113 0.15562 -0.88880 -0.05836 0.50451 -0.12855 -1.69050 -0.32472 0.09459 -0.07467 -2.12597 -1.78800 0.13663 0.28029 -1.04769 -0.63700 0.00988 0.21473 0.01820 0.06904 -0.02744
2021 04 28 00 00 07.21378 1 -0.64944 -0.07295 0.27113 0.15562 -0.88880 -0.05836 0.50451 -0.12855 -1.69050 -0.36080 0.09459 -0.07467 -2.12597 -1.78800 0.13663 0.28029 -1.08095 -0.63700 0.00988 0.21473 0.06370 0.08630 -0.02744
2021 04 28 00 00 07.23044 1 -0.64944 -0.07295 0.27113 0.15562 -0.88880 -0.05836 0.50451 -0.12855 -1.74225 -0.36080 0.09459 -0.07467 -2.16111 -1.84164 0.13663 0.28029 -1.11421 -0.63700 0.00988 0.21473 0.11830 0.08630 -0.02744
2021 04 28 00 00 07.24710 1 -0.64944 -0.10213 0.27113 0.15562 -0.88880 -0.08754 0.50451 -0.11842 -1.74225 -0.39688 0.09459 -0.07801 -2.16111 -1.84164 0.15765 0.27695 -1.11421 -0.63700 0.02964 0.21139 0.14560 0.08630 -0.02744
