2014 09 15 08 02 09.02400 1 -0.68112  0.39393 -0.12843 -0.65260 -0.12928 -0.39393 -0.01731  0.18704 -0.01725 -0.30668 -0.02204 -0.03746 -0.08785 -0.44700 -0.01205 -0.11090  0.01663 -0.32760 -0.02135 -0.17050 -0.23660 -0.35383  0.11760 
2014 09 15 08 02 09.03900 1 -0.68112  0.39393 -0.12843 -0.65260 -0.12928 -0.39393 -0.01731  0.18704 -0.01725 -0.30668 -0.02204 -0.03746 -0.08785 -0.44700 -0.01205 -0.11090  0.01663 -0.32760 -0.02135 -0.17050 -0.23660 -0.35383  0.11760 
2014 09 15 08 02 09.05500 1 -0.68112  0.39393 -0.12843 -0.65260 -0.12928 -0.39393 -0.01731  0.18704 -0.01725 -0.30668 -0.02204 -0.03746 -0.08785 -0.44700 -0.01205 -0.11090  0.01663 -0.32760 -0.02135 -0.17050 -0.23660 -0.35383  0.11760 
2014 09 15 08 02 09.07100 1 -0.68112  0.39393 -0.12843 -0.65260 -0.12928 -0.39393 -0.01731  0.18704 -0.01725 -0.30668 -0.02204 -0.03746 -0.08785 -0.44700 -0.01205 -0.11090  0.01663 -0.32760 -0.02135 -0.17050 -0.23660 -0.35383  0.11760 
2014 09 15 08 02 09.08600 1 -0.68112  0.39393 -0.12843 -0.65260 -0.12928 -0.39393 -0.01731  0.18704 -0.01725 -0.30668 -0.02204 -0.03746 -0.08785 -0.44700 -0.01205 -0.11090  0.01663 -0.32760 -0.02135 -0.17050 -0.23660 -0.35383  0.11760 
2014 09 15 08 02 09.10200 1 -0.68112  0.39393 -0.12843 -0.65260 -0.12928 -0.39393 -0.01731  0.18704 -0.01725 -0.30668 -0.02204 -0.03746 -0.08785 -0.44700 -0.01205 -0.11090  0.01663 -0.32760 -0.02135 -0.17050 -0.23660 -0.35383  0.11760 
2014 09 15 08 02 09.11700 1 -0.68112  0.39393 -0.12843 -0.65260 -0.12928 -0.39393 -0.01731  0.18704 -0.01725 -0.30668 -0.02204 -0.03746 -0.08785 -0.44700 -0.01205 -0.11090  0.01663 -0.32760 -0.02135 -0.17050 -0.23660 -0.35383  0.11760 
2014 09 15 08 02 09.14900 1 -0.68112  0.39393 -0.12843 -0.63252 -0.12928 -0.39393 -0.01731  0.18704 -0.01725 -0.30668 -0.02204 -0.03746 -0.08785 -0.44700 -0.01205 -0.11090  0.01663 -0.32760 -0.02135 -0.17050 -0.23660 -0.35383  0.11760 
2014 09 15 08 02 09.16400 1 -0.68112  0.39393 -0.12843 -0.63252 -0.12928 -0.39393 -0.01731  0.18704 -0.01725 -0.30668 -0.02204 -0.03746 -0.08785 -0.44700 -0.01205 -0.11090  0.01663 -0.32760 -0.02135 -0.17050 -0.23660 -0.35383  0.11760 
2014 09 15 08 02 09.18000 1 -0.68112  0.39393 -0.12843 -0.63252 -0.12928 -0.39393 -0.01731  0.18704 -0.01725 -0.30668 -0.02204 -0.03746 -0.08785 -0.44700 -0.01205 -0.11090  0.01663 -0.32760 -0.02135 -0.17050 -0.23660 -0.35383  0.11760 
2014 09 15 08 02 09.19500 1 -0.68112  0.39393 -0.12843 -0.63252 -0.12928 -0.39393 -0.01731  0.18704 -0.01725 -0.30668 -0.02204 -0.03746 -0.08785 -0.44700 -0.01205 -0.11090  0.01663 -0.32760 -0.02135 -0.17050 -0.23660 -0.35383  0.11760 
2014 09 15 08 02 09.21100 1 -0.68112  0.39393 -0.12843 -0.63252 -0.12928 -0.39393 -0.01731  0.18704 -0.01725 -0.30668 -0.02204 -0.03746 -0.08785 -0.44700 -0.01205 -0.11090  0.01663 -0.32760 -0.02135 -0.17050 -0.23660 -0.35383  0.11760 
2014 09 15 08 02 09.22700 1 -0.68112  0.39393 -0.12843 -0.63252 -0.12928 -0.39393 -0.01731  0.18704 -0.01725 -0.30668 -0.02204 -0.03746 -0.08785 -0.44700 -0.01205 -0.11090  0.01663 -0.32760 -0.02135 -0.17050 -0.23660 -0.35383  0.11760 
2014 09 15 08 02 09.24200 1 -0.68112  0.39393 -0.12843 -0.63252 -0.12928 -0.39393 -0.01731  0.18704 -0.01725 -0.30668 -0.02204 -0.03746 -0.08785 -0.44700 -0.01205 -0.11090  0.01663 -0.32760 -0.02135 -0.17050 -0.23660 -0.35383  0.11760 
2014 09 15 08 02 09.25800 1 -0.68112  0.39393 -0.12843 -0.63252 -0.12928 -0.39393 -0.01731  0.18704 -0.01725 -0.30668 -0.02204 -0.03746 -0.08785 -0.44700 -0.01205 -0.11090  0.01663 -0.32760 -0.02135 -0.17050 -0.23660 -0.35383  0.11760 
2014 09 15 08 02 09.27300 1 -0.68112  0.39393 -0.12843 -0.61244 -0.12928 -0.39393 -0.01731  0.18704 -0.01725 -0.30668 -0.02204 -0.03746 -0.08785 -0.44700 -0.01205 -0.11090  0.01663 -0.32760 -0.02135 -0.17050 -0.23660 -0.35383  0.11760 
2014 09 15 08 02 09.28900 1 -0.68112  0.39393 -0.12843 -0.61244 -0.12928 -0.39393 -0.01731  0.18704 -0.01725 -0.30668 -0.02204 -0.03746 -0.08785 -0.44700 -0.01205 -0.11090  0.01663 -0.32760 -0.02135 -0.17050 -0.23660 -0.35383  0.11760 
2014 09 15 08 02 09.30500 1 -0.74448  0.39393 -0.12843 -0.59236 -0.12928 -0.39393 -0.01731  0.18704 -0.01725 -0.30668 -0.02204 -0.03746 -0.08785 -0.44700 -0.01205 -0.11090  0.01663 -0.32760 -0.02135 -0.17050 -0.23660 -0.35383  0.11760 
2014 09 15 08 02 09.32000 1 -0.80784  0.39393 -0.12843 -0.54216 -0.12928 -0.39393 -0.01731  0.17353 -0.01725 -0.30668 -0.02204 -0.03301 -0.08785 -0.44700 -0.01205 -0.10645  0.01663 -0.32760 -0.02135 -0.16605 -0.27300 -0.35383  0.13328 
2014 09 15 08 02 09.33600 1 -0.80784  0.39393 -0.12843 -0.52208 -0.12928 -0.39393 -0.01731  0.16594 -0.01725 -0.30668 -0.02204 -0.04060 -0.08785 -0.44700 -0.01205 -0.08344  0.08315 -0.32760 -0.02135 -0.14304 -0.27300 -0.35383  0.13328 
2014 09 15 08 02 09.35100 1 -0.87120  0.39393 -0.12843 -0.49698 -0.12928 -0.39393 -0.01731  0.16594 -0.01725 -0.30668 -0.02204 -0.04060 -0.08785 -0.44700 -0.01205 -0.08344  0.08315 -0.32760 -0.02135 -0.14304 -0.31850 -0.35383  0.14896 
2014 09 15 08 02 09.38300 1 -0.93456  0.39393 -0.12843 -0.42670 -0.12928 -0.39393 -0.01731  0.15244 -0.01725 -0.30668 -0.02204 -0.03614 -0.08785 -0.44700 -0.01205 -0.07898  0.08315 -0.32760 -0.02135 -0.13858 -0.35490 -0.35383  0.14896 
2014 09 15 08 02 09.39800 1 -1.01376  0.39393 -0.12843 -0.36646 -0.12928 -0.39393 -0.01731  0.12611 -0.01725 -0.30668 -0.02204 -0.03553 -0.08785 -0.44700 -0.01205 -0.05389  0.08315 -0.32760 -0.02135 -0.11349 -0.39130 -0.35383  0.14896 
2014 09 15 08 02 09.41400 1 -1.09296  0.46688 -0.12843 -0.29618 -0.12928 -0.39393 -0.01731  0.09488 -0.01725 -0.30668 -0.02204 -0.03533 -0.01757 -0.44700 -0.01205 -0.02309  0.08315 -0.32760 -0.02135 -0.08269 -0.39130 -0.35383  0.14896 
2014 09 15 08 02 09.42900 1 -1.09296  0.46688 -0.12843 -0.26104 -0.12928 -0.39393 -0.01731  0.08138  0.05175 -0.30668 -0.02204 -0.03087 -0.01757 -0.44700 -0.01205 -0.01863  0.08315 -0.32760 -0.02135 -0.05439 -0.42770 -0.35383  0.14896 
2014 09 15 08 02 09.44500 1 -1.18800  0.52524 -0.07135 -0.21084 -0.06464 -0.39393 -0.01731  0.04070  0.05175 -0.30668 -0.02204 -0.03563  0.05271 -0.44700 -0.01205  0.03169  0.14967 -0.32760 -0.02135 -0.00407 -0.42770 -0.35383  0.14896 
2014 09 15 08 02 09.46100 1 -1.18800  0.52524 -0.07135 -0.17068  0.01616 -0.39393 -0.01731  0.01809  0.13800 -0.30668 -0.02204 -0.04028  0.14056 -0.44700 -0.01205  0.06376  0.21619 -0.32760 -0.02135  0.05184 -0.42770 -0.35383  0.14896 
2014 09 15 08 02 09.47600 1 -1.25136  0.58360 -0.07135 -0.17068  0.01616 -0.45229 -0.01143 -0.00217  0.20700 -0.30668 -0.02204 -0.03360  0.22841 -0.44700 -0.01205  0.07044  0.21619 -0.25480 -0.02254  0.05852 -0.42770 -0.35383  0.14896 
2014 09 15 08 02 09.49200 1 -1.25136  0.58360 -0.07135 -0.14558  0.08080 -0.45229 -0.01143 -0.02478  0.27600 -0.30668 -0.02204 -0.03825  0.29869 -0.44700 -0.01205  0.10251  0.21619 -0.25480 -0.02254  0.09059 -0.42770 -0.35383  0.16856 
2014 09 15 08 02 09.50700 1 -1.25136  0.58360 -0.07135 -0.12550  0.16160 -0.45229 -0.01143 -0.03237  0.27600 -0.30668 -0.02204 -0.04584  0.36897 -0.44700 -0.01205  0.12552  0.21619 -0.25480 -0.02254  0.11360 -0.42770 -0.35383  0.16856 
2014 09 15 08 02 09.52300 1 -1.31472  0.58360 -0.07135 -0.12550  0.16160 -0.45229 -0.01143 -0.05194  0.34500 -0.30668 -0.02204 -0.04745  0.36897 -0.44700 -0.01205  0.14839  0.21619 -0.25480 -0.02254  0.13647 -0.42770 -0.35383  0.16856 
2014 09 15 08 02 09.53900 1 -1.31472  0.58360 -0.07135 -0.10542  0.22624 -0.45229 -0.01143 -0.05650  0.34500 -0.30668 -0.02204 -0.05201  0.36897 -0.44700 -0.01205  0.16219  0.21619 -0.18200 -0.02034  0.18603 -0.42770 -0.35383  0.16856 
2014 09 15 08 02 09.55400 1 -1.31472  0.58360 -0.07135 -0.10542  0.22624 -0.45229 -0.01143 -0.07000  0.41400 -0.30668 -0.02204 -0.04755  0.43925 -0.44700 -0.01205  0.16665  0.21619 -0.18200 -0.02034  0.21433 -0.42770 -0.35383  0.16856 
2014 09 15 08 02 09.57000 1 -1.31472  0.58360 -0.07135 -0.10542  0.22624 -0.45229 -0.01143 -0.07608  0.41400 -0.30668 -0.02204 -0.05363  0.43925 -0.44700 -0.01205  0.18505  0.21619 -0.18200 -0.02034  0.23273 -0.42770 -0.35383  0.16856 
2014 09 15 08 02 09.58500 1 -1.31472  0.65655 -0.07135 -0.10542  0.22624 -0.45229 -0.01143 -0.07608  0.41400 -0.30668 -0.02204 -0.05363  0.43925 -0.44700 -0.01205  0.18505  0.21619 -0.18200 -0.02034  0.23273 -0.42770 -0.35383  0.16856 
2014 09 15 08 02 09.60100 1 -1.31472  0.65655 -0.07135 -0.10542  0.22624 -0.45229 -0.01143 -0.08215  0.41400 -0.23452 -0.02227 -0.05970  0.43925 -0.44700 -0.01205  0.20346  0.21619 -0.18200 -0.02034  0.27498 -0.42770 -0.35383  0.16856 
2014 09 15 08 02 09.63200 1 -1.37808  0.65655 -0.07135 -0.08032  0.29088 -0.45229 -0.01143 -0.08215  0.48300 -0.23452 -0.02227 -0.05970  0.43925 -0.44700 -0.01205  0.20346  0.21619 -0.18200 -0.02034  0.27498 -0.42770 -0.35383  0.16856 
2014 09 15 08 02 09.64800 1 -1.37808  0.65655 -0.07135 -0.08032  0.29088 -0.45229 -0.01143 -0.08822  0.48300 -0.23452 -0.02227 -0.06577  0.43925 -0.44700 -0.01205  0.22187  0.21619 -0.09100 -0.01282  0.31723 -0.42770 -0.35383  0.16856 
2014 09 15 08 02 09.66300 1 -1.37808  0.65655 -0.07135 -0.08032  0.29088 -0.45229 -0.01143 -0.08822  0.48300 -0.23452 -0.02227 -0.06577  0.52710 -0.44700 -0.01205  0.22187  0.21619 -0.09100 -0.01282  0.31723 -0.42770 -0.35383  0.18424 
2014 09 15 08 02 09.67900 1 -1.37808  0.65655 -0.07135 -0.08032  0.29088 -0.45229 -0.01143 -0.08822  0.48300 -0.23452 -0.02227 -0.06577  0.52710 -0.44700 -0.01205  0.22187  0.21619 -0.09100 -0.01282  0.31723 -0.42770 -0.35383  0.18424 
2014 09 15 08 02 09.69500 1 -1.37808  0.65655 -0.07135 -0.08032  0.29088 -0.45229 -0.01143 -0.08822  0.48300 -0.23452 -0.02227 -0.06577  0.52710 -0.44700 -0.01205  0.22187  0.21619 -0.09100 -0.01282  0.31723 -0.42770 -0.35383  0.18424 
2014 09 15 08 02 09.71000 1 -1.37808  0.65655 -0.07135 -0.08032  0.29088 -0.45229 -0.01143 -0.09429  0.48300 -0.23452 -0.02227 -0.07184  0.52710 -0.44700 -0.01205  0.24028  0.21619 -0.09100 -0.01282  0.35948 -0.42770 -0.35383  0.18424 
2014 09 15 08 02 09.72600 1 -1.37808  0.65655 -0.07135 -0.08032  0.29088 -0.45229 -0.01143 -0.09429  0.48300 -0.23452 -0.02227 -0.07184  0.52710 -0.44700 -0.01205  0.24028  0.21619 -0.09100 -0.01282  0.35948 -0.42770 -0.35383  0.18424 
2014 09 15 08 02 09.74100 1 -1.37808  0.65655 -0.07135 -0.08032  0.29088 -0.45229 -0.01143 -0.09429  0.48300 -0.23452 -0.02227 -0.07184  0.52710 -0.44700 -0.01205  0.24028  0.21619 -0.09100 -0.01282  0.35948 -0.42770 -0.35383  0.18424 
2014 09 15 08 02 09.75700 1 -1.37808  0.65655 -0.07135 -0.08032  0.29088 -0.45229 -0.01143 -0.10036  0.48300 -0.23452 -0.02227 -0.07791  0.52710 -0.44700 -0.01205  0.25869  0.21619 -0.09100 -0.01282  0.37789 -0.42770 -0.35383  0.18424 
2014 09 15 08 02 09.77300 1 -1.37808  0.65655 -0.01427 -0.08032  0.29088 -0.45229 -0.01143 -0.10036  0.48300 -0.23452 -0.02227 -0.07791  0.52710 -0.44700 -0.01205  0.25869  0.21619 -0.09100 -0.01282  0.37789 -0.42770 -0.35383  0.18424 
2014 09 15 08 02 09.78800 1 -1.44144  0.65655 -0.01427 -0.08032  0.29088 -0.45229 -0.01143 -0.10036  0.48300 -0.23452 -0.02227 -0.07791  0.52710 -0.44700 -0.01205  0.25869  0.21619 -0.09100 -0.01282  0.37789 -0.42770 -0.35383  0.18424 
2014 09 15 08 02 09.80400 1 -1.44144  0.65655 -0.01427 -0.08032  0.29088 -0.45229 -0.01143 -0.10036  0.48300 -0.23452 -0.02227 -0.07791  0.52710 -0.44700 -0.01205  0.25869  0.21619 -0.09100 -0.01282  0.37789 -0.42770 -0.35383  0.18424 
2014 09 15 08 02 09.81900 1 -1.44144  0.65655 -0.01427 -0.08032  0.29088 -0.45229 -0.01143 -0.10643  0.48300 -0.23452 -0.02227 -0.08398  0.52710 -0.44700 -0.01205  0.27710  0.21619 -0.09100 -0.01282  0.39630 -0.47320 -0.35383  0.18424 
2014 09 15 08 02 09.83500 1 -1.44144  0.65655 -0.01427 -0.08032  0.29088 -0.51065 -0.00337 -0.10643  0.48300 -0.23452 -0.02227 -0.08398  0.52710 -0.44700 -0.01205  0.27710  0.21619 -0.09100 -0.01282  0.39630 -0.47320 -0.35383  0.18424 
2014 09 15 08 02 09.85100 1 -1.44144  0.65655 -0.01427 -0.08032  0.29088 -0.51065 -0.00337 -0.10643  0.48300 -0.23452 -0.02227 -0.08398  0.52710 -0.44700 -0.01205  0.27710  0.21619 -0.09100 -0.01282  0.39630 -0.47320 -0.35383  0.18424 
2014 09 15 08 02 09.88200 1 -1.44144  0.65655 -0.01427 -0.05522  0.22624 -0.51065 -0.00337 -0.13951  0.48300 -0.23452 -0.02227 -0.08114  0.45682 -0.44700 -0.01205  0.30442  0.14967 -0.09100 -0.01282  0.42362 -0.52780 -0.35383  0.19992 
2014 09 15 08 02 09.89700 1 -1.44144  0.65655 -0.01427 -0.05522  0.22624 -0.51065 -0.00337 -0.13951  0.48300 -0.23452 -0.02227 -0.08114  0.45682 -0.44700 -0.01205  0.30442  0.14967 -0.09100 -0.01282  0.42362 -0.52780 -0.35383  0.19992 
2014 09 15 08 02 09.91300 1 -1.44144  0.65655 -0.01427 -0.05522  0.16160 -0.51065 -0.00337 -0.13951  0.41400 -0.23452 -0.02227 -0.08114  0.38654 -0.44700 -0.01205  0.30442  0.14967 -0.09100 -0.01282  0.42362 -0.56420 -0.35383  0.19992 
2014 09 15 08 02 09.92900 1 -1.52064  0.65655 -0.01427 -0.05522  0.09696 -0.51065 -0.00337 -0.14558  0.34500 -0.23452 -0.02227 -0.08721  0.38654 -0.44700 -0.01205  0.32283  0.14967 -0.09100 -0.01282  0.44203 -0.60060 -0.35383  0.19992 
2014 09 15 08 02 09.94400 1 -1.52064  0.65655 -0.01427 -0.05522  0.09696 -0.51065 -0.00337 -0.14558  0.34500 -0.23452 -0.02227 -0.08721  0.31626 -0.44700 -0.01205  0.32283  0.08315 -0.09100 -0.01282  0.44203 -0.60060 -0.35383  0.19992 
2014 09 15 08 02 09.96000 1 -1.52064  0.65655 -0.01427 -0.03514  0.03232 -0.51065 -0.00337 -0.14558  0.27600 -0.23452 -0.02227 -0.08721  0.24598 -0.44700 -0.01205  0.32283  0.08315 -0.09100 -0.01282  0.44203 -0.63700 -0.35383  0.19992 
2014 09 15 08 02 09.97500 1 -1.58400  0.65655  0.04281 -0.03514 -0.04848 -0.51065 -0.00337 -0.15166  0.20700 -0.23452 -0.02227 -0.09329  0.24598 -0.44700 -0.01205  0.34123  0.01663 -0.09100 -0.01282  0.43659 -0.68250 -0.35383  0.19992 
2014 09 15 08 02 09.99100 1 -1.58400  0.65655  0.04281 -0.03514 -0.11312 -0.56901 -0.00688 -0.15166  0.13800 -0.23452 -0.02227 -0.09329  0.15813 -0.44700 -0.01205  0.34123  0.01663 -0.09100 -0.01282  0.43659 -0.72800 -0.35383  0.19992 
2014 09 15 08 02 10.00700 1 -1.64736  0.65655  0.04281 -0.03514 -0.11312 -0.56901 -0.00688 -0.15166  0.06900 -0.30668 -0.02204 -0.09329  0.15813 -0.44700 -0.01205  0.34123 -0.04989 -0.16380 -0.01926  0.43659 -0.76440 -0.35383  0.19992 
2014 09 15 08 02 10.02200 1 -1.64736  0.65655  0.11416 -0.03514 -0.19392 -0.62737 -0.01930 -0.15166 -0.00000 -0.30668 -0.02204 -0.09329  0.08785 -0.44700 -0.01205  0.34123 -0.11641 -0.16380 -0.01926  0.43659 -0.80080 -0.35383  0.19992 
2014 09 15 08 02 10.03800 1 -1.64736  0.65655  0.11416 -0.03514 -0.25856 -0.62737 -0.01930 -0.15166 -0.00000 -0.30668 -0.02204 -0.09329  0.08785 -0.44700 -0.01205  0.34123 -0.11641 -0.16380 -0.01926  0.43659 -0.80080 -0.35383  0.19992 
2014 09 15 08 02 10.05300 1 -1.64736  0.59819  0.11416 -0.03514 -0.32320 -0.68573 -0.03390 -0.15166 -0.08625 -0.30668 -0.02204 -0.09329  0.01757 -0.51852 -0.00211  0.34123 -0.18293 -0.23660 -0.02231  0.43659 -0.83720 -0.35383  0.19992 
2014 09 15 08 02 10.06900 1 -1.64736  0.59819  0.11416 -0.03514 -0.40400 -0.74409 -0.05068 -0.15166 -0.17250 -0.37884 -0.01848 -0.09329  0.01757 -0.51852 -0.00211  0.34123 -0.18293 -0.23660 -0.02231  0.41275 -0.88270 -0.35383  0.19992 
2014 09 15 08 02 10.08500 1 -1.64736  0.59819  0.11416 -0.01004 -0.40400 -0.74409 -0.05068 -0.15166 -0.25875 -0.37884 -0.01848 -0.09329 -0.05271 -0.51852 -0.00211  0.34123 -0.24945 -0.30940 -0.02196  0.41275 -0.88270 -0.35383  0.19992 
2014 09 15 08 02 10.11600 1 -1.72656  0.59819  0.05708 -0.01004 -0.46864 -0.87540 -0.09641 -0.14558 -0.32775 -0.55924 -0.00501 -0.08721 -0.05271 -0.66156 -0.02759  0.32283 -0.31597 -0.40040 -0.01677  0.39435 -0.91910 -0.31931  0.19992 
2014 09 15 08 02 10.13100 1 -1.72656  0.59819 -0.00000  0.01004 -0.46864 -0.94835 -0.12658 -0.14558 -0.32775 -0.55924 -0.00501 -0.08721 -0.05271 -0.78672 -0.06431  0.32283 -0.31597 -0.49140 -0.00627  0.39435 -0.91910 -0.31931  0.19992 
2014 09 15 08 02 10.14700 1 -1.72656  0.59819 -0.00000  0.01004 -0.53328 -1.02130 -0.16016 -0.14558 -0.32775 -0.73964 -0.04932 -0.08721 -0.05271 -0.92976 -0.11857  0.32283 -0.38249 -0.61880 -0.01734  0.39435 -0.91910 -0.31931  0.19992 
2014 09 15 08 02 10.16300 1 -1.72656  0.59819 -0.07135  0.01004 -0.53328 -1.06507 -0.18194 -0.14558 -0.39675 -0.88396 -0.09977 -0.08721 -0.05271 -1.00128 -0.15060  0.32283 -0.38249 -0.72800 -0.04583  0.39435 -0.91910 -0.31931  0.19992 
2014 09 15 08 02 10.17800 1 -1.72656  0.59819 -0.07135  0.03012 -0.53328 -1.06507 -0.18194 -0.15909 -0.39675 -0.88396 -0.09977 -0.08276 -0.05271 -1.09068 -0.19525  0.32728 -0.38249 -0.72800 -0.04583  0.39880 -0.91910 -0.31931  0.18424 
2014 09 15 08 02 10.19400 1 -1.78992  0.59819 -0.14270  0.03012 -0.59792 -1.06507 -0.18194 -0.15909 -0.39675 -1.08240 -0.19090 -0.08276 -0.05271 -1.16220 -0.23465  0.32728 -0.44901 -0.81900 -0.07541  0.39880 -0.91910 -0.31931  0.18424 
2014 09 15 08 02 10.20900 1 -1.78992  0.59819 -0.19978  0.05020 -0.59792 -1.06507 -0.18194 -0.15909 -0.39675 -1.15456 -0.23029 -0.08276 -0.05271 -1.16220 -0.23465  0.32728 -0.44901 -0.89180 -0.10289  0.39880 -0.88270 -0.31931  0.18424 
2014 09 15 08 02 10.22500 1 -1.78992  0.59819 -0.19978  0.05020 -0.66256 -1.12343 -0.21289 -0.15909 -0.39675 -1.15456 -0.23029 -0.08276 -0.05271 -1.16220 -0.23465  0.32728 -0.44901 -0.96460 -0.13376  0.39880 -0.88270 -0.31931  0.18424 
2014 09 15 08 02 10.24100 1 -1.78992  0.59819 -0.25686  0.05020 -0.66256 -1.12343 -0.21289 -0.15302 -0.39675 -1.22672 -0.27301 -0.07669 -0.05271 -1.25160 -0.28851  0.30887 -0.44901 -0.96460 -0.13376  0.38039 -0.88270 -0.31931  0.18424 
2014 09 15 08 02 10.25600 1 -1.85328  0.59819 -0.28540  0.05020 -0.66256 -1.12343 -0.21289 -0.15302 -0.39675 -1.22672 -0.27301 -0.07669 -0.05271 -1.25160 -0.28851  0.30887 -0.44901 -1.03740 -0.16803  0.38039 -0.84630 -0.31931  0.18424 
2014 09 15 08 02 10.27200 1 -1.85328  0.59819 -0.35675  0.05020 -0.66256 -1.12343 -0.21289 -0.14695 -0.39675 -1.29888 -0.31906 -0.07062 -0.05271 -1.32312 -0.33528  0.29046 -0.44901 -1.11020 -0.20568  0.36198 -0.84630 -0.31931  0.18424 
2014 09 15 08 02 10.28700 1 -1.85328  0.59819 -0.35675  0.07028 -0.66256 -1.12343 -0.21289 -0.14695 -0.39675 -1.29888 -0.31906 -0.07062 -0.05271 -1.32312 -0.33528  0.29046 -0.44901 -1.11020 -0.20568  0.36198 -0.84630 -0.31931  0.18424 
2014 09 15 08 02 10.30300 1 -1.85328  0.59819 -0.42810  0.07028 -0.66256 -1.19638 -0.25464 -0.14695 -0.39675 -1.29888 -0.31906 -0.07062 -0.05271 -1.32312 -0.33528  0.29046 -0.44901 -1.20120 -0.25752  0.36198 -0.84630 -0.31931  0.18424 
2014 09 15 08 02 10.31900 1 -1.85328  0.59819 -0.42810  0.07028 -0.66256 -1.19638 -0.25464 -0.15438 -0.39675 -1.37104 -0.36844 -0.06009 -0.05271 -1.39464 -0.38532  0.27651 -0.44901 -1.25580 -0.29116  0.34803 -0.84630 -0.31931  0.18424 
2014 09 15 08 02 10.33400 1 -1.85328  0.59819 -0.42810  0.07028 -0.72720 -1.19638 -0.25464 -0.15438 -0.39675 -1.37104 -0.36844 -0.06009 -0.05271 -1.39464 -0.38532  0.27651 -0.44901 -1.25580 -0.29116  0.34803 -0.84630 -0.31931  0.18424 
2014 09 15 08 02 10.36500 1 -1.85328  0.59819 -0.48518  0.07028 -0.72720 -1.19638 -0.25464 -0.16451 -0.46575 -1.37104 -0.36844 -0.05675 -0.12299 -1.39464 -0.38532  0.27985 -0.44901 -1.32860 -0.33899  0.35137 -0.84630 -0.31931  0.18424 
2014 09 15 08 02 10.38100 1 -1.85328  0.59819 -0.48518  0.07028 -0.72720 -1.19638 -0.25464 -0.16451 -0.46575 -1.37104 -0.36844 -0.05675 -0.12299 -1.39464 -0.38532  0.27985 -0.44901 -1.32860 -0.33899  0.35137 -0.84630 -0.31931  0.18424 
2014 09 15 08 02 10.39700 1 -1.85328  0.59819 -0.48518  0.07028 -0.72720 -1.26933 -0.29980 -0.16451 -0.46575 -1.37104 -0.36844 -0.05675 -0.12299 -1.39464 -0.38532  0.27985 -0.44901 -1.40140 -0.39022  0.35137 -0.84630 -0.31931  0.18424 
2014 09 15 08 02 10.41200 1 -1.85328  0.59819 -0.54226  0.07028 -0.72720 -1.26933 -0.29980 -0.16451 -0.46575 -1.37104 -0.36844 -0.05675 -0.12299 -1.39464 -0.38532  0.27985 -0.44901 -1.40140 -0.39022  0.35137 -0.84630 -0.31931  0.18424 
2014 09 15 08 02 10.42800 1 -1.85328  0.59819 -0.54226  0.07028 -0.72720 -1.26933 -0.29980 -0.16451 -0.46575 -1.37104 -0.36844 -0.05675 -0.12299 -1.39464 -0.38532  0.27985 -0.44901 -1.40140 -0.39022  0.35137 -0.84630 -0.31931  0.18424 
2014 09 15 08 02 10.44300 1 -1.85328  0.59819 -0.54226  0.07028 -0.72720 -1.26933 -0.29980 -0.15692 -0.46575 -1.37104 -0.36844 -0.04916 -0.12299 -1.39464 -0.38532  0.25684 -0.44901 -1.40140 -0.39022  0.32836 -0.84630 -0.31931  0.18424 
2014 09 15 08 02 10.45900 1 -1.85328  0.59819 -0.54226  0.07028 -0.72720 -1.26933 -0.29980 -0.15692 -0.46575 -1.37104 -0.36844 -0.04916 -0.12299 -1.39464 -0.38532  0.25684 -0.44901 -1.40140 -0.39022  0.32836 -0.84630 -0.31931  0.18424 
2014 09 15 08 02 10.47500 1 -1.85328  0.59819 -0.54226  0.07028 -0.72720 -1.26933 -0.29980 -0.15692 -0.46575 -1.37104 -0.36844 -0.04916 -0.12299 -1.39464 -0.38532  0.25684 -0.44901 -1.47420 -0.44483  0.32836 -0.84630 -0.31931  0.18424 
2014 09 15 08 02 10.49000 1 -1.85328  0.59819 -0.54226  0.07028 -0.72720 -1.26933 -0.29980 -0.15692 -0.46575 -1.37104 -0.36844 -0.04916 -0.12299 -1.39464 -0.38532  0.25684 -0.44901 -1.47420 -0.44483  0.32836 -0.84630 -0.31931  0.18424 
2014 09 15 08 02 10.50600 1 -1.85328  0.59819 -0.54226  0.07028 -0.72720 -1.26933 -0.29980 -0.15692 -0.46575 -1.37104 -0.36844 -0.04916 -0.12299 -1.39464 -0.38532  0.25684 -0.44901 -1.47420 -0.44483  0.32836 -0.84630 -0.31931  0.18424 
2014 09 15 08 02 10.52100 1 -1.85328  0.59819 -0.54226  0.07028 -0.72720 -1.26933 -0.29980 -0.15692 -0.46575 -1.37104 -0.36844 -0.04916 -0.12299 -1.39464 -0.38532  0.25684 -0.44901 -1.47420 -0.44483  0.32836 -0.84630 -0.31931  0.18424 
2014 09 15 08 02 10.53700 1 -1.85328  0.59819 -0.54226  0.07028 -0.72720 -1.26933 -0.29980 -0.15692 -0.46575 -1.37104 -0.36844 -0.04916 -0.12299 -1.39464 -0.38532  0.25684 -0.44901 -1.47420 -0.44483  0.32836 -0.84630 -0.31931  0.18424 
2014 09 15 08 02 10.55300 1 -1.85328  0.59819 -0.54226  0.07028 -0.72720 -1.26933 -0.29980 -0.15692 -0.46575 -1.37104 -0.36844 -0.04916 -0.12299 -1.39464 -0.38532  0.25684 -0.44901 -1.47420 -0.44483  0.32836 -0.84630 -0.31931  0.18424 
2014 09 15 08 02 10.56800 1 -1.85328  0.59819 -0.54226  0.07028 -0.72720 -1.26933 -0.29980 -0.15692 -0.46575 -1.37104 -0.36844 -0.04916 -0.12299 -1.39464 -0.38532  0.25684 -0.44901 -1.47420 -0.44483  0.32836 -0.84630 -0.31931  0.18424 
2014 09 15 08 02 10.58400 1 -1.85328  0.59819 -0.59934  0.07028 -0.72720 -1.26933 -0.29980 -0.15692 -0.46575 -1.37104 -0.36844 -0.04916 -0.12299 -1.39464 -0.38532  0.25684 -0.44901 -1.47420 -0.44483  0.32836 -0.84630 -0.31931  0.18424 
2014 09 15 08 02 10.61500 1 -1.85328  0.59819 -0.59934  0.07028 -0.72720 -1.26933 -0.29980 -0.15692 -0.46575 -1.37104 -0.36844 -0.04916 -0.12299 -1.39464 -0.38532  0.25684 -0.44901 -1.47420 -0.44483  0.32836 -0.84630 -0.31931  0.18424 
2014 09 15 08 02 10.63100 1 -1.85328  0.59819 -0.59934  0.07028 -0.72720 -1.26933 -0.29980 -0.15692 -0.46575 -1.37104 -0.36844 -0.04916 -0.12299 -1.39464 -0.38532  0.25684 -0.44901 -1.47420 -0.44483  0.32836 -0.84630 -0.31931  0.18424 
2014 09 15 08 02 10.64600 1 -1.85328  0.59819 -0.59934  0.07028 -0.72720 -1.26933 -0.29980 -0.15355 -0.46575 -1.37104 -0.36844 -0.05028 -0.12299 -1.39464 -0.38532  0.25572 -0.44901 -1.47420 -0.44483  0.32724 -0.84630 -0.31931  0.18424 
2014 09 15 08 02 10.66200 1 -1.85328  0.59819 -0.59934  0.07028 -0.72720 -1.26933 -0.29980 -0.15355 -0.46575 -1.37104 -0.36844 -0.05028 -0.12299 -1.39464 -0.38532  0.25572 -0.44901 -1.47420 -0.44483  0.32724 -0.84630 -0.31931  0.18424 
2014 09 15 08 02 10.67700 1 -1.85328  0.59819 -0.59934  0.07028 -0.72720 -1.26933 -0.29980 -0.15355 -0.46575 -1.37104 -0.36844 -0.05028 -0.12299 -1.39464 -0.38532  0.25572 -0.44901 -1.47420 -0.44483  0.32724 -0.84630 -0.31931  0.18424 
2014 09 15 08 02 10.69300 1 -1.85328  0.59819 -0.59934  0.07028 -0.72720 -1.26933 -0.29980 -0.15355 -0.46575 -1.37104 -0.36844 -0.05028 -0.12299 -1.39464 -0.38532  0.25572 -0.44901 -1.47420 -0.44483  0.32724 -0.84630 -0.31931  0.18424 
2014 09 15 08 02 10.70900 1 -1.85328  0.59819 -0.59934  0.07028 -0.72720 -1.26933 -0.29980 -0.15355 -0.46575 -1.37104 -0.36844 -0.05028 -0.12299 -1.39464 -0.38532  0.25572 -0.44901 -1.47420 -0.44483  0.32724 -0.84630 -0.31931  0.18424 
2014 09 15 08 02 10.72400 1 -1.85328  0.59819 -0.59934  0.07028 -0.72720 -1.26933 -0.29980 -0.15355 -0.46575 -1.37104 -0.36844 -0.05028 -0.12299 -1.39464 -0.38532  0.25572 -0.44901 -1.47420 -0.44483  0.32724 -0.84630 -0.31931  0.18424 
2014 09 15 08 02 10.74000 1 -1.85328  0.59819 -0.59934  0.07028 -0.72720 -1.26933 -0.29980 -0.15355 -0.46575 -1.37104 -0.36844 -0.05028 -0.12299 -1.46616 -0.43863  0.25572 -0.44901 -1.47420 -0.44483  0.32724 -0.84630 -0.31931  0.18424 
2014 09 15 08 02 10.75500 1 -1.85328  0.59819 -0.59934  0.07028 -0.72720 -1.26933 -0.29980 -0.15355 -0.46575 -1.37104 -0.36844 -0.05028 -0.12299 -1.46616 -0.43863  0.25572 -0.44901 -1.47420 -0.44483  0.32724 -0.84630 -0.31931  0.18424 
2014 09 15 08 02 10.77100 1 -1.85328  0.59819 -0.59934  0.07028 -0.72720 -1.26933 -0.29980 -0.15355 -0.46575 -1.37104 -0.36844 -0.05028 -0.12299 -1.46616 -0.43863  0.25572 -0.44901 -1.47420 -0.44483  0.32724 -0.84630 -0.31931  0.18424 
2014 09 15 08 02 10.78700 1 -1.85328  0.59819 -0.59934  0.07028 -0.72720 -1.26933 -0.29980 -0.15355 -0.46575 -1.37104 -0.36844 -0.05028 -0.12299 -1.46616 -0.43863  0.25572 -0.44901 -1.47420 -0.44483  0.32724 -0.84630 -0.31931  0.18424 
2014 09 15 08 02 10.80200 1 -1.85328  0.59819 -0.59934  0.07028 -0.72720 -1.26933 -0.29980 -0.15355 -0.46575 -1.37104 -0.36844 -0.05028 -0.12299 -1.46616 -0.43863  0.25572 -0.44901 -1.47420 -0.44483  0.32724 -0.84630 -0.31931  0.18424 
2014 09 15 08 02 10.81800 1 -1.85328  0.59819 -0.59934  0.07028 -0.72720 -1.26933 -0.29980 -0.15355 -0.46575 -1.37104 -0.36844 -0.05028 -0.12299 -1.46616 -0.43863  0.25572 -0.44901 -1.47420 -0.44483  0.32724 -0.84630 -0.31931  0.18424 
2014 09 15 08 02 10.84900 1 -1.85328  0.59819 -0.59934  0.07028 -0.72720 -1.26933 -0.29980 -0.15355 -0.46575 -1.37104 -0.36844 -0.05028 -0.12299 -1.46616 -0.43863  0.25572 -0.44901 -1.47420 -0.44483  0.32724 -0.84630 -0.31931  0.18424 
2014 09 15 08 02 10.86500 1 -1.85328  0.59819 -0.59934  0.07028 -0.72720 -1.26933 -0.29980 -0.15355 -0.46575 -1.37104 -0.36844 -0.05028 -0.12299 -1.46616 -0.43863  0.25572 -0.44901 -1.47420 -0.44483  0.32724 -0.84630 -0.31931  0.18424 
2014 09 15 08 02 10.88000 1 -1.85328  0.59819 -0.59934  0.07028 -0.72720 -1.26933 -0.29980 -0.15355 -0.46575 -1.37104 -0.36844 -0.05028 -0.12299 -1.46616 -0.43863  0.25572 -0.44901 -1.47420 -0.44483  0.32724 -0.84630 -0.31931  0.18424 
2014 09 15 08 02 10.89600 1 -1.85328  0.59819 -0.59934  0.07028 -0.72720 -1.26933 -0.29980 -0.15355 -0.46575 -1.37104 -0.36844 -0.05028 -0.12299 -1.46616 -0.43863  0.25572 -0.44901 -1.47420 -0.44483  0.32724 -0.84630 -0.31931  0.18424 
2014 09 15 08 02 10.91100 1 -1.85328  0.59819 -0.59934  0.07028 -0.72720 -1.26933 -0.29980 -0.15355 -0.46575 -1.37104 -0.36844 -0.05028 -0.12299 -1.46616 -0.43863  0.25572 -0.44901 -1.47420 -0.44483  0.32724 -0.84630 -0.31931  0.18424 
2014 09 15 08 02 10.92700 1 -1.85328  0.59819 -0.59934  0.07028 -0.72720 -1.26933 -0.29980 -0.15355 -0.46575 -1.37104 -0.36844 -0.05028 -0.12299 -1.46616 -0.43863  0.25572 -0.44901 -1.47420 -0.44483  0.32724 -0.84630 -0.31931  0.18424 
2014 09 15 08 02 10.94300 1 -1.85328  0.59819 -0.59934  0.07028 -0.72720 -1.26933 -0.29980 -0.15355 -0.46575 -1.37104 -0.36844 -0.05028 -0.12299 -1.46616 -0.43863  0.25572 -0.44901 -1.47420 -0.44483  0.32724 -0.84630 -0.31931  0.18424 
2014 09 15 08 02 10.95800 1 -1.85328  0.59819 -0.59934  0.07028 -0.72720 -1.26933 -0.29980 -0.15355 -0.46575 -1.37104 -0.36844 -0.05028 -0.12299 -1.46616 -0.43863  0.25572 -0.44901 -1.47420 -0.44483  0.32724 -0.84630 -0.31931  0.18424 
2014 09 15 08 02 10.97400 1 -1.85328  0.59819 -0.59934  0.07028 -0.72720 -1.26933 -0.29980 -0.15355 -0.46575 -1.37104 -0.36844 -0.05028 -0.12299 -1.46616 -0.43863  0.25572 -0.44901 -1.47420 -0.44483  0.32724 -0.84630 -0.31931  0.18424 
2014 09 15 08 02 10.98900 1 -1.85328  0.59819 -0.59934  0.07028 -0.72720 -1.26933 -0.29980 -0.15355 -0.46575 -1.37104 -0.36844 -0.05028 -0.12299 -1.46616 -0.43863  0.25572 -0.44901 -1.47420 -0.44483  0.32724 -0.84630 -0.31931  0.18424 
2014 09 15 08 02 11.00500 1 -1.85328  0.59819 -0.59934  0.07028 -0.72720 -1.26933 -0.29980 -0.15355 -0.46575 -1.37104 -0.36844 -0.05028 -0.12299 -1.46616 -0.43863  0.25572 -0.44901 -1.47420 -0.44483  0.32724 -0.84630 -0.31931  0.18424 
2014 09 15 08 02 11.02100 1 -1.85328  0.59819 -0.59934  0.07028 -0.72720 -1.26933 -0.29980 -0.15355 -0.46575 -1.37104 -0.36844 -0.05028 -0.12299 -1.46616 -0.43863  0.25572 -0.44901 -1.47420 -0.44483  0.32724 -0.84630 -0.31931  0.18424 
2014 09 15 08 02 11.03600 1 -1.85328  0.59819 -0.59934  0.07028 -0.72720 -1.26933 -0.29980 -0.15355 -0.46575 -1.37104 -0.36844 -0.05028 -0.12299 -1.46616 -0.43863  0.25572 -0.44901 -1.47420 -0.44483  0.32724 -0.84630 -0.31931  0.18424 
2014 09 15 08 02 11.05200 1 -1.85328  0.59819 -0.59934  0.07028 -0.72720 -1.26933 -0.29980 -0.15355 -0.46575 -1.37104 -0.36844 -0.05028 -0.12299 -1.46616 -0.43863  0.25572 -0.44901 -1.47420 -0.44483  0.32724 -0.84630 -0.31931  0.18424 
2014 09 15 08 02 11.06700 1 -1.85328  0.59819 -0.59934  0.07028 -0.72720 -1.26933 -0.29980 -0.15355 -0.46575 -1.37104 -0.36844 -0.05028 -0.12299 -1.46616 -0.43863  0.25572 -0.44901 -1.47420 -0.44483  0.32724 -0.84630 -0.31931  0.18424 
2014 09 15 08 02 11.09900 1 -1.85328  0.59819 -0.59934  0.07028 -0.72720 -1.26933 -0.29980 -0.15355 -0.46575 -1.37104 -0.36844 -0.05028 -0.12299 -1.46616 -0.43863  0.25572 -0.44901 -1.47420 -0.44483  0.32724 -0.84630 -0.31931  0.18424 
2014 09 15 08 02 11.11400 1 -1.85328  0.59819 -0.59934  0.07028 -0.72720 -1.26933 -0.29980 -0.15355 -0.46575 -1.37104 -0.36844 -0.05028 -0.12299 -1.46616 -0.43863  0.25572 -0.44901 -1.47420 -0.44483  0.32724 -0.84630 -0.31931  0.18424 
2014 09 15 08 02 11.13000 1 -1.85328  0.59819 -0.59934  0.07028 -0.72720 -1.26933 -0.29980 -0.15355 -0.46575 -1.37104 -0.36844 -0.05028 -0.12299 -1.46616 -0.43863  0.25572 -0.44901 -1.54700 -0.50284  0.32724 -0.84630 -0.31931  0.18424 
2014 09 15 08 02 11.14500 1 -1.85328  0.59819 -0.59934  0.07028 -0.72720 -1.26933 -0.29980 -0.15355 -0.46575 -1.37104 -0.36844 -0.05028 -0.12299 -1.46616 -0.43863  0.25572 -0.44901 -1.54700 -0.50284  0.32724 -0.84630 -0.31931  0.18424 
2014 09 15 08 02 11.16100 1 -1.85328  0.59819 -0.59934  0.07028 -0.72720 -1.26933 -0.29980 -0.15355 -0.46575 -1.37104 -0.36844 -0.05028 -0.12299 -1.46616 -0.43863  0.25572 -0.44901 -1.54700 -0.50284  0.32724 -0.84630 -0.31931  0.18424 
2014 09 15 08 02 11.17700 1 -1.85328  0.59819 -0.59934  0.07028 -0.72720 -1.26933 -0.29980 -0.15355 -0.46575 -1.37104 -0.36844 -0.05028 -0.12299 -1.46616 -0.43863  0.25572 -0.44901 -1.54700 -0.50284  0.32724 -0.84630 -0.31931  0.18424 
2014 09 15 08 02 11.19200 1 -1.85328  0.59819 -0.59934  0.07028 -0.72720 -1.26933 -0.29980 -0.15355 -0.46575 -1.37104 -0.36844 -0.05028 -0.12299 -1.46616 -0.43863  0.25572 -0.44901 -1.54700 -0.50284  0.32724 -0.84630 -0.31931  0.18424 
2014 09 15 08 02 11.20800 1 -1.85328  0.59819 -0.59934  0.07028 -0.72720 -1.26933 -0.29980 -0.15355 -0.46575 -1.37104 -0.36844 -0.05028 -0.12299 -1.46616 -0.43863  0.25572 -0.44901 -1.54700 -0.50284  0.32724 -0.84630 -0.31931  0.18424 
2014 09 15 08 02 11.22300 1 -1.85328  0.59819 -0.59934  0.07028 -0.72720 -1.26933 -0.29980 -0.15355 -0.46575 -1.37104 -0.36844 -0.05028 -0.12299 -1.46616 -0.43863  0.25572 -0.44901 -1.54700 -0.50284  0.32724 -0.84630 -0.31931  0.18424 
2014 09 15 08 02 11.23900 1 -1.85328  0.59819 -0.59934  0.07028 -0.72720 -1.26933 -0.29980 -0.15355 -0.46575 -1.37104 -0.36844 -0.05028 -0.12299 -1.46616 -0.43863  0.25572 -0.44901 -1.54700 -0.50284  0.32724 -0.84630 -0.31931  0.18424 
2014 09 15 08 02 11.25500 1 -1.85328  0.59819 -0.59934  0.07028 -0.72720 -1.26933 -0.29980 -0.15355 -0.46575 -1.37104 -0.36844 -0.05028 -0.12299 -1.46616 -0.43863  0.25572 -0.44901 -1.54700 -0.50284  0.32724 -0.84630 -0.31931  0.18424 
2014 09 15 08 02 11.27000 1 -1.85328  0.59819 -0.59934  0.07028 -0.72720 -1.26933 -0.29980 -0.15355 -0.46575 -1.37104 -0.36844 -0.05028 -0.12299 -1.46616 -0.43863  0.25572 -0.44901 -1.54700 -0.50284  0.32724 -0.84630 -0.31931  0.18424 
2014 09 15 08 02 11.28600 1 -1.85328  0.59819 -0.59934  0.07028 -0.72720 -1.26933 -0.29980 -0.15355 -0.46575 -1.37104 -0.36844 -0.05028 -0.12299 -1.46616 -0.43863  0.25572 -0.44901 -1.54700 -0.50284  0.32724 -0.84630 -0.31931  0.18424 
2014 09 15 08 02 11.30100 1 -1.85328  0.59819 -0.59934  0.07028 -0.72720 -1.26933 -0.29980 -0.15355 -0.46575 -1.37104 -0.36844 -0.05028 -0.12299 -1.46616 -0.43863  0.25572 -0.44901 -1.54700 -0.50284  0.32724 -0.84630 -0.31931  0.18424 
2014 09 15 08 02 11.33300 1 -1.85328  0.59819 -0.59934  0.07028 -0.72720 -1.26933 -0.29980 -0.15355 -0.46575 -1.37104 -0.36844 -0.05028 -0.12299 -1.46616 -0.43863  0.25572 -0.44901 -1.54700 -0.50284  0.32724 -0.84630 -0.31931  0.18424 
2014 09 15 08 02 11.34800 1 -1.85328  0.59819 -0.59934  0.07028 -0.72720 -1.26933 -0.29980 -0.15355 -0.46575 -1.37104 -0.36844 -0.05028 -0.12299 -1.46616 -0.43863  0.25572 -0.44901 -1.54700 -0.50284  0.32724 -0.84630 -0.31931  0.18424 
2014 09 15 08 02 11.36400 1 -1.85328  0.59819 -0.59934  0.07028 -0.72720 -1.26933 -0.29980 -0.15355 -0.46575 -1.37104 -0.36844 -0.05028 -0.12299 -1.46616 -0.43863  0.25572 -0.44901 -1.54700 -0.50284  0.32724 -0.84630 -0.31931  0.18424 
2014 09 15 08 02 11.37900 1 -1.85328  0.59819 -0.59934  0.07028 -0.72720 -1.26933 -0.29980 -0.15355 -0.46575 -1.37104 -0.36844 -0.05028 -0.12299 -1.46616 -0.43863  0.25572 -0.44901 -1.54700 -0.50284  0.32724 -0.84630 -0.31931  0.18424 
2014 09 15 08 02 11.39500 1 -1.85328  0.59819 -0.59934  0.07028 -0.72720 -1.26933 -0.29980 -0.15355 -0.46575 -1.37104 -0.36844 -0.05028 -0.12299 -1.46616 -0.43863  0.25572 -0.44901 -1.54700 -0.50284  0.32724 -0.84630 -0.31931  0.18424 
2014 09 15 08 02 11.41100 1 -1.85328  0.59819 -0.59934  0.07028 -0.72720 -1.26933 -0.29980 -0.15355 -0.46575 -1.37104 -0.36844 -0.05028 -0.12299 -1.46616 -0.43863  0.25572 -0.44901 -1.54700 -0.50284  0.32724 -0.84630 -0.31931  0.18424 
2014 09 15 08 02 11.42600 1 -1.85328  0.59819 -0.59934  0.07028 -0.72720 -1.26933 -0.29980 -0.15355 -0.46575 -1.37104 -0.36844 -0.05028 -0.12299 -1.46616 -0.43863  0.25572 -0.44901 -1.54700 -0.50284  0.32724 -0.84630 -0.31931  0.18424 
2014 09 15 08 02 11.44200 1 -1.85328  0.59819 -0.59934  0.07028 -0.72720 -1.26933 -0.29980 -0.15355 -0.46575 -1.37104 -0.36844 -0.05028 -0.12299 -1.46616 -0.43863  0.25572 -0.44901 -1.54700 -0.50284  0.32724 -0.84630 -0.31931  0.18424 
2014 09 15 08 02 11.45700 1 -1.85328  0.59819 -0.59934  0.07028 -0.72720 -1.26933 -0.29980 -0.15355 -0.46575 -1.37104 -0.36844 -0.05028 -0.12299 -1.46616 -0.43863  0.25572 -0.44901 -1.47420 -0.44483  0.32724 -0.84630 -0.31931  0.18424 
2014 09 15 08 02 11.47300 1 -1.85328  0.59819 -0.59934  0.07028 -0.72720 -1.26933 -0.29980 -0.15355 -0.46575 -1.37104 -0.36844 -0.05028 -0.12299 -1.46616 -0.43863  0.25572 -0.44901 -1.47420 -0.44483  0.32724 -0.84630 -0.31931  0.18424 
2014 09 15 08 02 11.48900 1 -1.85328  0.59819 -0.59934  0.07028 -0.72720 -1.26933 -0.29980 -0.14004 -0.46575 -1.37104 -0.36844 -0.05473 -0.12299 -1.46616 -0.43863  0.25127 -0.44901 -1.47420 -0.44483  0.32279 -0.84630 -0.31931  0.18424 
2014 09 15 08 02 11.50400 1 -1.85328  0.59819 -0.52799  0.07028 -0.72720 -1.26933 -0.29980 -0.14004 -0.46575 -1.37104 -0.36844 -0.05473 -0.12299 -1.46616 -0.43863  0.25127 -0.44901 -1.47420 -0.44483  0.32279 -0.84630 -0.31931  0.18424 
2014 09 15 08 02 11.52000 1 -1.85328  0.59819 -0.52799  0.07028 -0.72720 -1.26933 -0.29980 -0.14004 -0.46575 -1.37104 -0.36844 -0.05473 -0.12299 -1.46616 -0.43863  0.25127 -0.44901 -1.47420 -0.44483  0.32279 -0.84630 -0.31931  0.18424 
2014 09 15 08 02 11.53500 1 -1.85328  0.59819 -0.52799  0.05020 -0.72720 -1.26933 -0.29980 -0.14004 -0.46575 -1.37104 -0.36844 -0.05473 -0.12299 -1.46616 -0.43863  0.25127 -0.44901 -1.40140 -0.39022  0.32279 -0.80990 -0.31931  0.18424 
2014 09 15 08 02 11.55100 1 -1.85328  0.59819 -0.47091  0.05020 -0.72720 -1.26933 -0.29980 -0.14004 -0.46575 -1.37104 -0.36844 -0.05473 -0.12299 -1.46616 -0.43863  0.25127 -0.44901 -1.40140 -0.39022  0.32279 -0.80990 -0.31931  0.18424 
2014 09 15 08 02 11.58200 1 -1.78992  0.59819 -0.47091  0.05020 -0.72720 -1.26933 -0.29980 -0.14004 -0.46575 -1.37104 -0.36844 -0.05473 -0.12299 -1.46616 -0.43863  0.25127 -0.44901 -1.40140 -0.39022  0.32279 -0.80990 -0.31931  0.18424 
2014 09 15 08 02 11.59800 1 -1.78992  0.59819 -0.47091  0.05020 -0.72720 -1.26933 -0.29980 -0.14004 -0.46575 -1.37104 -0.36844 -0.05473 -0.12299 -1.46616 -0.43863  0.25127 -0.44901 -1.40140 -0.39022  0.32279 -0.80990 -0.31931  0.18424 
2014 09 15 08 02 11.61300 1 -1.78992  0.59819 -0.47091  0.05020 -0.72720 -1.26933 -0.29980 -0.12316 -0.46575 -1.37104 -0.36844 -0.06030 -0.12299 -1.46616 -0.43863  0.24570 -0.44901 -1.40140 -0.39022  0.31722 -0.80990 -0.31931  0.18424 
2014 09 15 08 02 11.62900 1 -1.78992  0.59819 -0.47091  0.03012 -0.72720 -1.26933 -0.29980 -0.12316 -0.46575 -1.37104 -0.36844 -0.06030 -0.12299 -1.46616 -0.43863  0.24570 -0.44901 -1.32860 -0.33899  0.31722 -0.80990 -0.31931  0.18424 
2014 09 15 08 02 11.64500 1 -1.78992  0.59819 -0.39956  0.03012 -0.72720 -1.26933 -0.29980 -0.12316 -0.46575 -1.37104 -0.36844 -0.06030 -0.12299 -1.46616 -0.43863  0.24570 -0.44901 -1.32860 -0.33899  0.31722 -0.80990 -0.31931  0.18424 
2014 09 15 08 02 11.66000 1 -1.78992  0.59819 -0.39956  0.03012 -0.72720 -1.26933 -0.29980 -0.12316 -0.46575 -1.37104 -0.36844 -0.06030 -0.12299 -1.39464 -0.38532  0.24570 -0.44901 -1.32860 -0.33899  0.31722 -0.77350 -0.31931  0.18424 
2014 09 15 08 02 11.67600 1 -1.78992  0.59819 -0.39956  0.03012 -0.72720 -1.26933 -0.29980 -0.12316 -0.46575 -1.37104 -0.36844 -0.06030 -0.12299 -1.39464 -0.38532  0.24570 -0.44901 -1.32860 -0.33899  0.31722 -0.77350 -0.31931  0.18424 
2014 09 15 08 02 11.69100 1 -1.78992  0.53983 -0.39956  0.03012 -0.72720 -1.26933 -0.29980 -0.12316 -0.46575 -1.37104 -0.36844 -0.06030 -0.12299 -1.39464 -0.38532  0.24570 -0.44901 -1.32860 -0.33899  0.31722 -0.77350 -0.31931  0.18424 
2014 09 15 08 02 11.70700 1 -1.78992  0.53983 -0.34248  0.03012 -0.72720 -1.26933 -0.29980 -0.10358 -0.46575 -1.37104 -0.36844 -0.05868 -0.12299 -1.39464 -0.38532  0.22284 -0.44901 -1.32860 -0.33899  0.29436 -0.77350 -0.31931  0.18424 
2014 09 15 08 02 11.72300 1 -1.78992  0.53983 -0.34248  0.01004 -0.72720 -1.26933 -0.29980 -0.10358 -0.46575 -1.37104 -0.36844 -0.05868 -0.12299 -1.39464 -0.38532  0.22284 -0.44901 -1.32860 -0.33899  0.29436 -0.73710 -0.31931  0.18424 
2014 09 15 08 02 11.73800 1 -1.71072  0.53983 -0.34248  0.01004 -0.66256 -1.26933 -0.29980 -0.10358 -0.37950 -1.37104 -0.36844 -0.05868 -0.12299 -1.39464 -0.38532  0.22284 -0.44901 -1.32860 -0.33899  0.29436 -0.73710 -0.31931  0.18424 
2014 09 15 08 02 11.75400 1 -1.71072  0.53983 -0.34248  0.01004 -0.66256 -1.26933 -0.29980 -0.09008 -0.37950 -1.37104 -0.36844 -0.06314 -0.12299 -1.39464 -0.38532  0.21838 -0.36586 -1.32860 -0.33899  0.28990 -0.73710 -0.31931  0.18424 
2014 09 15 08 02 11.76900 1 -1.71072  0.53983 -0.28540 -0.01004 -0.66256 -1.19638 -0.25464 -0.09008 -0.37950 -1.37104 -0.36844 -0.06314 -0.12299 -1.39464 -0.38532  0.21838 -0.36586 -1.23760 -0.27974  0.28990 -0.73710 -0.31931  0.18424 
2014 09 15 08 02 11.78500 1 -1.71072  0.53983 -0.25686 -0.01004 -0.66256 -1.19638 -0.25464 -0.09008 -0.37950 -1.37104 -0.36844 -0.06314 -0.12299 -1.39464 -0.38532  0.21838 -0.36586 -1.23760 -0.27974  0.28990 -0.73710 -0.31931  0.18424 
2014 09 15 08 02 11.80100 1 -1.64736  0.53983 -0.25686 -0.01004 -0.66256 -1.19638 -0.25464 -0.06560 -0.31050 -1.37104 -0.36844 -0.06111 -0.12299 -1.39464 -0.38532  0.18981 -0.36586 -1.23760 -0.27974  0.26133 -0.73710 -0.31931  0.18424 
2014 09 15 08 02 11.83200 1 -1.64736  0.53983 -0.25686 -0.03012 -0.59792 -1.19638 -0.25464 -0.04451 -0.31050 -1.37104 -0.36844 -0.05798 -0.05271 -1.39464 -0.38532  0.16234 -0.36586 -1.23760 -0.27974  0.23386 -0.69160 -0.31931  0.18424 
2014 09 15 08 02 11.84700 1 -1.58400  0.53983 -0.19978 -0.05020 -0.59792 -1.19638 -0.25464 -0.02156 -0.24150 -1.37104 -0.36844 -0.05748 -0.05271 -1.39464 -0.38532  0.13836 -0.29934 -1.16480 -0.23615  0.20988 -0.65520 -0.31931  0.18424 
2014 09 15 08 02 11.86300 1 -1.52064  0.53983 -0.19978 -0.05020 -0.59792 -1.13802 -0.22097 -0.01397 -0.24150 -1.37104 -0.36844 -0.04989 -0.05271 -1.39464 -0.38532  0.11535 -0.29934 -1.16480 -0.23615  0.18687 -0.65520 -0.31931  0.18424 
2014 09 15 08 02 11.87900 1 -1.52064  0.53983 -0.19978 -0.07028 -0.59792 -1.13802 -0.22097 -0.01397 -0.24150 -1.37104 -0.36844 -0.04989 -0.05271 -1.39464 -0.38532  0.11535 -0.29934 -1.09200 -0.19595  0.18687 -0.65520 -0.31931  0.18424 
2014 09 15 08 02 11.89400 1 -1.52064  0.53983 -0.19978 -0.07028 -0.53328 -1.13802 -0.22097 -0.01397 -0.24150 -1.37104 -0.36844 -0.04989 -0.05271 -1.39464 -0.38532  0.11535 -0.29934 -1.01920 -0.15914  0.18687 -0.65520 -0.31931  0.18424 
2014 09 15 08 02 11.91000 1 -1.45728  0.53983 -0.19978 -0.09036 -0.53328 -1.13802 -0.22097  0.00561 -0.17250 -1.29888 -0.31906 -0.04827  0.01757 -1.39464 -0.38532  0.09249 -0.29934 -0.94640 -0.12573  0.16401 -0.60970 -0.31931  0.18424 
2014 09 15 08 02 11.92500 1 -1.45728  0.53983 -0.19978 -0.09036 -0.53328 -1.13802 -0.22097  0.00561 -0.17250 -1.29888 -0.31906 -0.04827  0.01757 -1.39464 -0.38532  0.09249 -0.29934 -0.94640 -0.12573  0.16401 -0.60970 -0.31931  0.18424 
2014 09 15 08 02 11.94100 1 -1.45728  0.53983 -0.19978 -0.09036 -0.45248 -1.07966 -0.18947  0.00561 -0.17250 -1.22672 -0.27301 -0.04827  0.01757 -1.32312 -0.33528  0.09249 -0.23282 -0.87360 -0.09570  0.16401 -0.57330 -0.31931  0.18424 
2014 09 15 08 02 11.95700 1 -1.45728  0.53983 -0.19978 -0.09036 -0.45248 -1.07966 -0.18947  0.00561 -0.10350 -1.22672 -0.27301 -0.04827  0.08785 -1.25160 -0.28851  0.09249 -0.23282 -0.87360 -0.09570  0.16401 -0.57330 -0.31931  0.18424 
2014 09 15 08 02 11.97200 1 -1.45728  0.53983 -0.19978 -0.09036 -0.45248 -1.03589 -0.16728  0.00561 -0.10350 -1.13652 -0.22013 -0.04827  0.08785 -1.21584 -0.26635  0.09249 -0.23282 -0.80080 -0.06907  0.16401 -0.57330 -0.31931  0.18424 
2014 09 15 08 02 11.98800 1 -1.45728  0.53983 -0.12843 -0.09036 -0.38784 -1.03589 -0.16728 -0.00790 -0.03450 -1.10044 -0.20044 -0.04382  0.08785 -1.14432 -0.22450  0.09694 -0.16630 -0.80080 -0.06907  0.16846 -0.53690 -0.31931  0.18424 
2014 09 15 08 02 12.00300 1 -1.39392  0.53983 -0.12843 -0.11546 -0.38784 -0.96294 -0.13302 -0.00790 -0.03450 -1.01024 -0.15485 -0.04382  0.08785 -1.05492 -0.17678  0.09694 -0.16630 -0.72800 -0.04583  0.16846 -0.53690 -0.31931  0.18424 
2014 09 15 08 02 12.01900 1 -1.39392  0.53983 -0.12843 -0.11546 -0.38784 -0.96294 -0.13302 -0.00790 -0.03450 -0.92004 -0.11446 -0.04382  0.08785 -1.05492 -0.17678  0.09694 -0.16630 -0.72800 -0.04583  0.16846 -0.50960 -0.31931  0.18424 
2014 09 15 08 02 12.03500 1 -1.39392  0.53983 -0.12843 -0.11546 -0.32320 -0.90458 -0.10807 -0.00790 -0.03450 -0.84788 -0.08591 -0.04382  0.08785 -0.98340 -0.14229  0.09694 -0.16630 -0.65520 -0.02599  0.16846 -0.50960 -0.31931  0.18424 
2014 09 15 08 02 12.06600 1 -1.39392  0.53983 -0.12843 -0.11546 -0.32320 -0.83163 -0.07994 -0.00790 -0.03450 -0.77572 -0.06068 -0.04382  0.08785 -0.89400 -0.10378  0.09694 -0.09978 -0.65520 -0.02599  0.14462 -0.47320 -0.31931  0.18424 
2014 09 15 08 02 12.08100 1 -1.39392  0.53983 -0.12843 -0.11546 -0.32320 -0.83163 -0.07994 -0.00790  0.03450 -0.70356 -0.03879 -0.04382  0.08785 -0.89400 -0.10378  0.09694 -0.09978 -0.58240 -0.00953  0.14462 -0.47320 -0.31931  0.18424 
2014 09 15 08 02 12.09700 1 -1.39392  0.59819 -0.12843 -0.13554 -0.25856 -0.77327 -0.05989 -0.00790  0.03450 -0.70356 -0.03879 -0.04382  0.08785 -0.82248 -0.07665  0.09694 -0.09978 -0.58240 -0.00953  0.14462 -0.47320 -0.31931  0.18424 
2014 09 15 08 02 12.11300 1 -1.39392  0.59819 -0.12843 -0.13554 -0.25856 -0.77327 -0.05989 -0.00790  0.03450 -0.61336 -0.01612 -0.04382  0.08785 -0.82248 -0.07665  0.09694 -0.09978 -0.58240 -0.00953  0.14462 -0.47320 -0.31931  0.18424 
2014 09 15 08 02 12.12800 1 -1.31472  0.59819 -0.12843 -0.13554 -0.25856 -0.70032 -0.03789 -0.00790  0.03450 -0.61336 -0.01612 -0.04382  0.15813 -0.75096 -0.05280  0.09694 -0.03326 -0.50960 -0.00353  0.14462 -0.43680 -0.31931  0.18424 
2014 09 15 08 02 12.14400 1 -1.31472  0.59819 -0.12843 -0.13554 -0.19392 -0.62737 -0.01930 -0.01397  0.10350 -0.52316 -0.00135 -0.04989  0.15813 -0.75096 -0.05280  0.11535 -0.03326 -0.50960 -0.00353  0.16303 -0.43680 -0.31931  0.18424 
2014 09 15 08 02 12.15900 1 -1.31472  0.59819 -0.12843 -0.15562 -0.19392 -0.62737 -0.01930 -0.01397  0.10350 -0.52316 -0.00135 -0.04989  0.15813 -0.75096 -0.05280  0.11535 -0.03326 -0.43680 -0.01320  0.16303 -0.43680 -0.31931  0.18424 
2014 09 15 08 02 12.17500 1 -1.31472  0.65655 -0.12843 -0.15562 -0.11312 -0.56901 -0.00688 -0.01397  0.17250 -0.45100 -0.01158 -0.04989  0.22841 -0.66156 -0.02759  0.11535  0.03326 -0.43680 -0.01320  0.16303 -0.43680 -0.31931  0.18424 
2014 09 15 08 02 12.19100 1 -1.31472  0.65655 -0.12843 -0.15562 -0.11312 -0.56901 -0.00688 -0.01397  0.17250 -0.45100 -0.01158 -0.04989  0.22841 -0.66156 -0.02759  0.11535  0.03326 -0.43680 -0.01320  0.16303 -0.43680 -0.31931  0.18424 
2014 09 15 08 02 12.20600 1 -1.31472  0.65655 -0.07135 -0.17570 -0.04848 -0.56901 -0.00688 -0.01397  0.24150 -0.37884 -0.01848 -0.04989  0.22841 -0.66156 -0.02759  0.11535  0.09978 -0.36400 -0.01948  0.16303 -0.43680 -0.31931  0.18424 
2014 09 15 08 02 12.22200 1 -1.25136  0.65655 -0.07135 -0.17570 -0.04848 -0.51065 -0.00337 -0.01397  0.24150 -0.37884 -0.01848 -0.04989  0.22841 -0.66156 -0.02759  0.11535  0.09978 -0.36400 -0.01948  0.16303 -0.43680 -0.31931  0.18424 
2014 09 15 08 02 12.23700 1 -1.25136  0.65655 -0.07135 -0.17570  0.01616 -0.51065 -0.00337 -0.00790  0.24150 -0.37884 -0.01848 -0.04382  0.29869 -0.66156 -0.02759  0.09694  0.09978 -0.36400 -0.01948  0.14462 -0.43680 -0.31931  0.18424 
2014 09 15 08 02 12.25300 1 -1.25136  0.65655 -0.07135 -0.17570  0.01616 -0.51065 -0.00337  0.00561  0.24150 -0.37884 -0.01848 -0.04827  0.29869 -0.66156 -0.02759  0.09249  0.09978 -0.36400 -0.01948  0.14017 -0.43680 -0.31931  0.18424 
2014 09 15 08 02 12.26900 1 -1.25136  0.65655 -0.07135 -0.19578  0.08080 -0.51065 -0.00337  0.00561  0.24150 -0.37884 -0.01848 -0.04827  0.29869 -0.66156 -0.02759  0.09249  0.09978 -0.36400 -0.01948  0.14017 -0.43680 -0.31931  0.18424 
2014 09 15 08 02 12.28400 1 -1.18800  0.65655 -0.07135 -0.19578  0.08080 -0.51065 -0.00337  0.01168  0.24150 -0.37884 -0.01848 -0.04220  0.29869 -0.59004 -0.01110  0.07408  0.09978 -0.36400 -0.01948  0.12176 -0.43680 -0.31931  0.18424 
2014 09 15 08 02 12.31500 1 -1.15632  0.65655 -0.07135 -0.22088  0.08080 -0.51065 -0.00337  0.01168  0.24150 -0.37884 -0.01848 -0.04220  0.29869 -0.59004 -0.01110  0.07408  0.09978 -0.36400 -0.01948  0.12176 -0.43680 -0.31931  0.18424 
2014 09 15 08 02 12.33100 1 -1.15632  0.65655 -0.07135 -0.22088  0.08080 -0.51065 -0.00337  0.02519  0.24150 -0.37884 -0.01848 -0.04665  0.29869 -0.59004 -0.01110  0.06963  0.09978 -0.36400 -0.01948  0.11731 -0.43680 -0.31931  0.18424 
2014 09 15 08 02 12.34700 1 -1.15632  0.65655 -0.07135 -0.24598  0.08080 -0.51065 -0.00337  0.03126  0.24150 -0.37884 -0.01848 -0.04058  0.29869 -0.59004 -0.01110  0.05122  0.09978 -0.36400 -0.01948  0.09890 -0.43680 -0.31931  0.18424 
2014 09 15 08 02 12.36200 1 -1.15632  0.65655 -0.07135 -0.25602  0.08080 -0.51065 -0.00337  0.04814  0.24150 -0.37884 -0.01848 -0.04615  0.22841 -0.59004 -0.01110  0.04565  0.09978 -0.36400 -0.01948  0.09333 -0.43680 -0.31931  0.18424 
2014 09 15 08 02 12.37800 1 -1.09296  0.65655 -0.07135 -0.25602  0.08080 -0.51065 -0.00337  0.04814  0.24150 -0.37884 -0.01848 -0.04615  0.22841 -0.59004 -0.01110  0.04565  0.09978 -0.36400 -0.01948  0.06949 -0.43680 -0.31931  0.18424 
2014 09 15 08 02 12.39300 1 -1.09296  0.65655 -0.07135 -0.28112  0.08080 -0.51065 -0.00337  0.06772  0.24150 -0.37884 -0.01848 -0.04453  0.22841 -0.59004 -0.01110  0.02279  0.09978 -0.36400 -0.01948  0.04663 -0.43680 -0.31931  0.18424 
2014 09 15 08 02 12.40900 1 -1.09296  0.65655 -0.07135 -0.28112  0.08080 -0.51065 -0.00337  0.06772  0.17250 -0.37884 -0.01848 -0.04453  0.22841 -0.59004 -0.01110  0.02279  0.09978 -0.36400 -0.01948  0.04663 -0.43680 -0.31931  0.18424 
2014 09 15 08 02 12.42500 1 -1.09296  0.65655 -0.07135 -0.30120  0.08080 -0.51065 -0.00337  0.08460  0.17250 -0.37884 -0.01848 -0.05010  0.15813 -0.59004 -0.01110  0.01722  0.09978 -0.36400 -0.01948  0.02914 -0.43680 -0.31931  0.18424 
2014 09 15 08 02 12.44000 1 -1.02960  0.65655 -0.07135 -0.32630  0.08080 -0.51065 -0.00337  0.08460  0.17250 -0.37884 -0.01848 -0.05010  0.15813 -0.59004 -0.01110  0.01722  0.09978 -0.36400 -0.01948  0.02914 -0.43680 -0.31931  0.18424 
2014 09 15 08 02 12.45600 1 -1.02960  0.65655 -0.07135 -0.32630  0.08080 -0.51065 -0.00337  0.08460  0.17250 -0.37884 -0.01848 -0.05010  0.15813 -0.59004 -0.01110  0.01722  0.09978 -0.36400 -0.01948  0.02914 -0.43680 -0.31931  0.18424 
2014 09 15 08 02 12.47100 1 -1.02960  0.65655 -0.07135 -0.35140  0.08080 -0.51065 -0.00337  0.09810  0.17250 -0.37884 -0.01848 -0.05456  0.15813 -0.51852 -0.00211  0.01276  0.09978 -0.36400 -0.01948  0.02468 -0.43680 -0.31931  0.18424 
2014 09 15 08 02 12.48700 1 -1.02960  0.65655 -0.07135 -0.35140  0.01616 -0.45229 -0.01143  0.09810  0.10350 -0.37884 -0.01848 -0.05456  0.15813 -0.51852 -0.00211  0.01276  0.09978 -0.36400 -0.01948  0.02468 -0.43680 -0.31931  0.18424 
2014 09 15 08 02 12.50300 1 -1.02960  0.65655 -0.07135 -0.37148  0.01616 -0.45229 -0.01143  0.10569  0.10350 -0.37884 -0.01848 -0.04697  0.15813 -0.51852 -0.00211 -0.01025  0.09978 -0.36400 -0.01948  0.00167 -0.43680 -0.31931  0.18424 
2014 09 15 08 02 12.51800 1 -1.02960  0.65655 -0.07135 -0.37148  0.01616 -0.45229 -0.01143  0.10569  0.10350 -0.37884 -0.01848 -0.04697  0.15813 -0.51852 -0.00211 -0.01025  0.09978 -0.36400 -0.01948  0.00167 -0.43680 -0.31931  0.18424 
2014 09 15 08 02 12.53400 1 -1.02960  0.65655 -0.07135 -0.39658  0.01616 -0.45229 -0.01143  0.11920  0.10350 -0.37884 -0.01848 -0.05142  0.15813 -0.51852 -0.00211 -0.01470  0.09978 -0.36400 -0.01948 -0.00278 -0.43680 -0.31931  0.18424 
2014 09 15 08 02 12.56500 1 -0.96624  0.65655 -0.07135 -0.42168  0.01616 -0.45229 -0.01143  0.11920  0.10350 -0.30668 -0.02204 -0.05142  0.15813 -0.51852 -0.00211 -0.01470  0.09978 -0.36400 -0.01948 -0.00278 -0.43680 -0.31931  0.18424 
2014 09 15 08 02 12.58100 1 -0.96624  0.65655 -0.07135 -0.45180  0.01616 -0.45229 -0.01143  0.11920  0.10350 -0.30668 -0.02204 -0.05142  0.15813 -0.51852 -0.00211 -0.01470  0.09978 -0.36400 -0.01948 -0.00278 -0.40040 -0.31931  0.18424 
2014 09 15 08 02 12.59600 1 -0.96624  0.65655 -0.07135 -0.47188  0.01616 -0.45229 -0.01143  0.11920  0.10350 -0.30668 -0.02204 -0.05142  0.15813 -0.51852 -0.00211 -0.01470  0.09978 -0.36400 -0.01948 -0.00278 -0.40040 -0.31931  0.18424 
2014 09 15 08 02 12.61200 1 -0.96624  0.59819 -0.07135 -0.49196  0.01616 -0.45229 -0.01143  0.14029  0.10350 -0.30668 -0.02204 -0.04829  0.08785 -0.51852 -0.00211 -0.04217  0.09978 -0.36400 -0.01948 -0.03025 -0.40040 -0.31931  0.18424 
2014 09 15 08 02 12.62700 1 -0.96624  0.59819 -0.07135 -0.51204 -0.04848 -0.45229 -0.01143  0.14029  0.10350 -0.30668 -0.02204 -0.04829  0.08785 -0.51852 -0.00211 -0.04217  0.09978 -0.36400 -0.01948 -0.03025 -0.40040 -0.31931  0.18424 
2014 09 15 08 02 12.64300 1 -0.96624  0.59819 -0.07135 -0.51204 -0.04848 -0.45229 -0.01143  0.14029  0.10350 -0.30668 -0.02204 -0.04829  0.08785 -0.44700 -0.01205 -0.04217  0.09978 -0.36400 -0.01948 -0.03025 -0.40040 -0.31931  0.18424 
2014 09 15 08 02 12.65900 1 -0.96624  0.53983 -0.07135 -0.53714 -0.04848 -0.45229 -0.01143  0.15380  0.10350 -0.30668 -0.02204 -0.05274  0.08785 -0.44700 -0.01205 -0.04662  0.09978 -0.36400 -0.01948 -0.03470 -0.36400 -0.31931  0.18424 
2014 09 15 08 02 12.67400 1 -0.96624  0.53983 -0.07135 -0.55722 -0.04848 -0.45229 -0.01143  0.15380  0.10350 -0.30668 -0.02204 -0.05274  0.08785 -0.44700 -0.01205 -0.04662  0.09978 -0.36400 -0.01948 -0.03470 -0.36400 -0.31931  0.18424 
2014 09 15 08 02 12.69000 1 -0.96624  0.53983 -0.07135 -0.55722 -0.04848 -0.45229 -0.01143  0.15380  0.10350 -0.30668 -0.02204 -0.05274  0.08785 -0.44700 -0.01205 -0.04662  0.09978 -0.36400 -0.01948 -0.05854 -0.36400 -0.31931  0.16856 
2014 09 15 08 02 12.70500 1 -0.96624  0.53983 -0.07135 -0.57730 -0.04848 -0.45229 -0.01143  0.15380  0.01725 -0.30668 -0.02204 -0.05274  0.08785 -0.44700 -0.01205 -0.04662  0.09978 -0.36400 -0.01948 -0.05854 -0.36400 -0.31931  0.16856 
2014 09 15 08 02 12.72100 1 -0.90288  0.53983 -0.07135 -0.57730 -0.04848 -0.45229 -0.01143  0.16139  0.01725 -0.30668 -0.02204 -0.04515  0.08785 -0.44700 -0.01205 -0.06963  0.09978 -0.36400 -0.01948 -0.08155 -0.36400 -0.31931  0.16856 
2014 09 15 08 02 12.73700 1 -0.90288  0.53983 -0.07135 -0.57730 -0.04848 -0.45229 -0.01143  0.16139  0.01725 -0.30668 -0.02204 -0.04515  0.08785 -0.44700 -0.01205 -0.06963  0.09978 -0.36400 -0.01948 -0.08155 -0.36400 -0.31931  0.16856 
2014 09 15 08 02 12.75200 1 -0.90288  0.48147 -0.07135 -0.59738 -0.04848 -0.45229 -0.01143  0.16139  0.01725 -0.30668 -0.02204 -0.04515 -0.00000 -0.44700 -0.01205 -0.06963  0.09978 -0.36400 -0.01948 -0.08155 -0.36400 -0.31931  0.16856 
2014 09 15 08 02 12.76800 1 -0.90288  0.48147 -0.07135 -0.59738 -0.11312 -0.45229 -0.01143  0.16139  0.01725 -0.30668 -0.02204 -0.04515 -0.00000 -0.44700 -0.01205 -0.06963  0.09978 -0.36400 -0.01948 -0.08155 -0.36400 -0.31931  0.16856 
2014 09 15 08 02 12.79900 1 -0.90288  0.48147 -0.07135 -0.61746 -0.11312 -0.45229 -0.01143  0.16139  0.01725 -0.30668 -0.02204 -0.04515 -0.00000 -0.44700 -0.01205 -0.06963  0.09978 -0.36400 -0.01948 -0.08155 -0.36400 -0.31931  0.16856 
2014 09 15 08 02 12.81500 1 -0.90288  0.48147 -0.07135 -0.61746 -0.11312 -0.45229 -0.01143  0.16139  0.01725 -0.30668 -0.02204 -0.04515 -0.00000 -0.44700 -0.01205 -0.06963  0.09978 -0.36400 -0.01948 -0.08155 -0.36400 -0.31931  0.16856 
2014 09 15 08 02 12.83000 1 -0.90288  0.48147 -0.07135 -0.61746 -0.11312 -0.45229 -0.01143  0.16139  0.01725 -0.30668 -0.02204 -0.04515 -0.00000 -0.44700 -0.01205 -0.06963  0.09978 -0.36400 -0.01948 -0.08155 -0.36400 -0.31931  0.16856 
2014 09 15 08 02 12.84600 1 -0.90288  0.48147 -0.07135 -0.61746 -0.11312 -0.45229 -0.01143  0.16139  0.01725 -0.30668 -0.02204 -0.04515 -0.00000 -0.44700 -0.01205 -0.06963  0.09978 -0.29120 -0.02237 -0.08155 -0.31850 -0.31931  0.16856 
2014 09 15 08 02 12.86100 1 -0.90288  0.48147 -0.07135 -0.61746 -0.11312 -0.45229 -0.01143  0.16139  0.01725 -0.30668 -0.02204 -0.04515 -0.00000 -0.44700 -0.01205 -0.06963  0.09978 -0.29120 -0.02237 -0.10539 -0.31850 -0.31931  0.16856 
2014 09 15 08 02 12.87700 1 -0.90288  0.48147 -0.07135 -0.63754 -0.11312 -0.45229 -0.01143  0.16139  0.01725 -0.30668 -0.02204 -0.04515 -0.00000 -0.44700 -0.01205 -0.06963  0.09978 -0.29120 -0.02237 -0.10539 -0.28210 -0.31931  0.16856 
2014 09 15 08 02 12.89300 1 -0.90288  0.48147 -0.07135 -0.63754 -0.11312 -0.45229 -0.01143  0.16746 -0.05175 -0.30668 -0.02204 -0.03908 -0.08785 -0.44700 -0.01205 -0.08804  0.09978 -0.29120 -0.02237 -0.12380 -0.28210 -0.31931  0.15288 
2014 09 15 08 02 12.90800 1 -0.90288  0.48147 -0.07135 -0.63754 -0.11312 -0.45229 -0.01143  0.16746 -0.05175 -0.30668 -0.02204 -0.03908 -0.08785 -0.44700 -0.01205 -0.08804  0.09978 -0.29120 -0.02237 -0.12380 -0.28210 -0.31931  0.15288 
2014 09 15 08 02 12.92400 1 -0.90288  0.48147 -0.07135 -0.63754 -0.11312 -0.45229 -0.01143  0.16746 -0.05175 -0.30668 -0.02204 -0.03908 -0.08785 -0.44700 -0.01205 -0.08804  0.09978 -0.29120 -0.02237 -0.14764 -0.28210 -0.31931  0.15288 
2014 09 15 08 02 12.93900 1 -0.90288  0.48147 -0.07135 -0.63754 -0.11312 -0.45229 -0.01143  0.16746 -0.05175 -0.30668 -0.02204 -0.03908 -0.08785 -0.44700 -0.01205 -0.08804  0.09978 -0.29120 -0.02237 -0.14764 -0.24570 -0.31931  0.15288 
2014 09 15 08 02 12.95500 1 -0.90288  0.48147 -0.07135 -0.66264 -0.11312 -0.45229 -0.01143  0.16746 -0.05175 -0.30668 -0.02204 -0.03908 -0.08785 -0.44700 -0.01205 -0.08804  0.09978 -0.29120 -0.02237 -0.14764 -0.24570 -0.31931  0.15288 
2014 09 15 08 02 12.97100 1 -0.90288  0.48147 -0.07135 -0.66264 -0.11312 -0.45229 -0.01143  0.16746 -0.05175 -0.30668 -0.02204 -0.03908 -0.08785 -0.44700 -0.01205 -0.08804  0.09978 -0.29120 -0.02237 -0.14764 -0.24570 -0.31931  0.15288 
2014 09 15 08 02 12.98600 1 -0.90288  0.48147 -0.07135 -0.66264 -0.11312 -0.45229 -0.01143  0.16746 -0.05175 -0.30668 -0.02204 -0.03908 -0.08785 -0.44700 -0.01205 -0.08804  0.01663 -0.29120 -0.02237 -0.14764 -0.20930 -0.31931  0.15288 
2014 09 15 08 02 13.00200 1 -0.90288  0.42311 -0.07135 -0.66264 -0.11312 -0.45229 -0.01143  0.16746 -0.05175 -0.30668 -0.02204 -0.03908 -0.08785 -0.44700 -0.01205 -0.08804  0.01663 -0.29120 -0.02237 -0.14764 -0.20930 -0.31931  0.15288 
2014 09 15 08 02 13.01700 1 -0.83952  0.42311 -0.07135 -0.66264 -0.11312 -0.45229 -0.01143  0.16746 -0.05175 -0.30668 -0.02204 -0.03908 -0.08785 -0.44700 -0.01205 -0.08804  0.01663 -0.29120 -0.02237 -0.14764 -0.20930 -0.31931  0.15288 
2014 09 15 08 02 13.04900 1 -0.83952  0.42311 -0.07135 -0.66264 -0.11312 -0.45229 -0.01143  0.16746 -0.05175 -0.30668 -0.02204 -0.03908 -0.08785 -0.44700 -0.01205 -0.08804  0.01663 -0.29120 -0.02237 -0.14764 -0.20930 -0.31931  0.15288 
2014 09 15 08 02 13.06400 1 -0.83952  0.42311 -0.07135 -0.68272 -0.11312 -0.45229 -0.01143  0.16746 -0.05175 -0.30668 -0.02204 -0.03908 -0.08785 -0.44700 -0.01205 -0.08804  0.01663 -0.29120 -0.02237 -0.14764 -0.20930 -0.31931  0.15288 
2014 09 15 08 02 13.08000 1 -0.83952  0.42311 -0.07135 -0.68272 -0.11312 -0.45229 -0.01143  0.16746 -0.05175 -0.30668 -0.02204 -0.03908 -0.08785 -0.37548 -0.01872 -0.08804  0.01663 -0.29120 -0.02237 -0.14764 -0.20930 -0.31931  0.13720 
2014 09 15 08 02 13.09500 1 -0.83952  0.42311 -0.07135 -0.68272 -0.11312 -0.45229 -0.01143  0.16746 -0.05175 -0.30668 -0.02204 -0.03908 -0.08785 -0.37548 -0.01872 -0.08804  0.01663 -0.29120 -0.02237 -0.14764 -0.20930 -0.31931  0.13720 
2014 09 15 08 02 13.11100 1 -0.83952  0.42311 -0.07135 -0.68272 -0.11312 -0.45229 -0.01143  0.16746 -0.05175 -0.30668 -0.02204 -0.03908 -0.08785 -0.37548 -0.01872 -0.08804  0.01663 -0.29120 -0.02237 -0.14764 -0.17290 -0.31931  0.13720 
2014 09 15 08 02 13.12700 1 -0.83952  0.42311 -0.12843 -0.68272 -0.11312 -0.45229 -0.01143  0.16746 -0.05175 -0.30668 -0.02204 -0.03908 -0.08785 -0.37548 -0.01872 -0.08804  0.01663 -0.29120 -0.02237 -0.14764 -0.17290 -0.31931  0.13720 
2014 09 15 08 02 13.14200 1 -0.83952  0.42311 -0.12843 -0.68272 -0.11312 -0.45229 -0.01143  0.16746 -0.05175 -0.30668 -0.02204 -0.03908 -0.08785 -0.37548 -0.01872 -0.08804  0.01663 -0.29120 -0.02237 -0.14764 -0.17290 -0.31931  0.13720 
2014 09 15 08 02 13.15800 1 -0.83952  0.42311 -0.12843 -0.68272 -0.11312 -0.39393 -0.01731  0.16746 -0.05175 -0.30668 -0.02204 -0.03908 -0.08785 -0.37548 -0.01872 -0.08804  0.01663 -0.29120 -0.02237 -0.14764 -0.17290 -0.31931  0.13720 
2014 09 15 08 02 13.17300 1 -0.83952  0.42311 -0.12843 -0.68272 -0.11312 -0.39393 -0.01731  0.16746 -0.05175 -0.30668 -0.02204 -0.03908 -0.08785 -0.37548 -0.01872 -0.08804  0.01663 -0.29120 -0.02237 -0.14764 -0.17290 -0.31931  0.13720 
2014 09 15 08 02 13.18900 1 -0.83952  0.42311 -0.12843 -0.68272 -0.11312 -0.39393 -0.01731  0.16746 -0.05175 -0.30668 -0.02204 -0.03908 -0.08785 -0.37548 -0.01872 -0.08804  0.01663 -0.29120 -0.02237 -0.14764 -0.17290 -0.31931  0.13720 
2014 09 15 08 02 13.20500 1 -0.83952  0.42311 -0.12843 -0.68272 -0.11312 -0.39393 -0.01731  0.16746 -0.05175 -0.30668 -0.02204 -0.03908 -0.08785 -0.37548 -0.01872 -0.08804  0.01663 -0.29120 -0.02237 -0.14764 -0.17290 -0.31931  0.13720 
2014 09 15 08 02 13.22000 1 -0.83952  0.42311 -0.12843 -0.68272 -0.11312 -0.39393 -0.01731  0.16746 -0.05175 -0.30668 -0.02204 -0.03908 -0.08785 -0.37548 -0.01872 -0.08804  0.01663 -0.29120 -0.02237 -0.14764 -0.17290 -0.31931  0.13720 
2014 09 15 08 02 13.23600 1 -0.83952  0.42311 -0.12843 -0.68272 -0.11312 -0.39393 -0.01731  0.16746 -0.05175 -0.30668 -0.02204 -0.03908 -0.08785 -0.37548 -0.01872 -0.08804  0.01663 -0.29120 -0.02237 -0.14764 -0.17290 -0.31931  0.13720 
2014 09 15 08 02 13.25100 1 -0.83952  0.42311 -0.12843 -0.68272 -0.11312 -0.39393 -0.01731  0.18097 -0.05175 -0.30668 -0.02204 -0.04353 -0.08785 -0.37548 -0.01872 -0.09249  0.01663 -0.29120 -0.02237 -0.15209 -0.12740 -0.31931  0.13720 
2014 09 15 08 02 13.26700 1 -0.83952  0.42311 -0.12843 -0.68272 -0.11312 -0.39393 -0.01731  0.18097 -0.05175 -0.30668 -0.02204 -0.04353 -0.08785 -0.37548 -0.01872 -0.09249  0.01663 -0.29120 -0.02237 -0.15209 -0.12740 -0.31931  0.13720 
2014 09 15 08 02 13.29800 1 -0.83952  0.42311 -0.12843 -0.68272 -0.11312 -0.39393 -0.01731  0.18097 -0.05175 -0.30668 -0.02204 -0.04353 -0.08785 -0.37548 -0.01872 -0.09249  0.01663 -0.29120 -0.02237 -0.15209 -0.12740 -0.31931  0.13720 
2014 09 15 08 02 13.31400 1 -0.83952  0.42311 -0.12843 -0.68272 -0.11312 -0.39393 -0.01731  0.18097 -0.05175 -0.30668 -0.02204 -0.04353 -0.08785 -0.37548 -0.01872 -0.09249  0.01663 -0.29120 -0.02237 -0.15209 -0.12740 -0.31931  0.13720 
2014 09 15 08 02 13.32900 1 -0.83952  0.42311 -0.12843 -0.68272 -0.11312 -0.39393 -0.01731  0.18097 -0.05175 -0.30668 -0.02204 -0.04353 -0.08785 -0.37548 -0.01872 -0.09249  0.01663 -0.29120 -0.02237 -0.15209 -0.12740 -0.31931  0.12152 
2014 09 15 08 02 13.34500 1 -0.83952  0.42311 -0.12843 -0.68272 -0.11312 -0.39393 -0.01731  0.18097 -0.05175 -0.30668 -0.02204 -0.04353 -0.08785 -0.37548 -0.01872 -0.09249  0.01663 -0.29120 -0.02237 -0.15209 -0.12740 -0.31931  0.12152 
2014 09 15 08 02 13.36100 1 -0.83952  0.42311 -0.12843 -0.68272 -0.11312 -0.39393 -0.01731  0.18097 -0.05175 -0.30668 -0.02204 -0.04353 -0.08785 -0.37548 -0.01872 -0.09249  0.01663 -0.29120 -0.02237 -0.15209 -0.12740 -0.31931  0.12152 
2014 09 15 08 02 13.37600 1 -0.83952  0.42311 -0.12843 -0.68272 -0.11312 -0.39393 -0.01731  0.18097 -0.05175 -0.30668 -0.02204 -0.04353 -0.08785 -0.37548 -0.01872 -0.09249  0.01663 -0.29120 -0.02237 -0.15209 -0.12740 -0.31931  0.12152 
2014 09 15 08 02 13.39200 1 -0.83952  0.42311 -0.12843 -0.68272 -0.11312 -0.39393 -0.01731  0.18097 -0.05175 -0.30668 -0.02204 -0.04353 -0.08785 -0.37548 -0.01872 -0.09249  0.01663 -0.29120 -0.02237 -0.15209 -0.12740 -0.31931  0.12152 
2014 09 15 08 02 13.40700 1 -0.83952  0.42311 -0.12843 -0.68272 -0.11312 -0.39393 -0.01731  0.18097 -0.05175 -0.30668 -0.02204 -0.04353 -0.08785 -0.37548 -0.01872 -0.09249  0.01663 -0.29120 -0.02237 -0.15209 -0.12740 -0.31931  0.12152 
2014 09 15 08 02 13.42300 1 -0.83952  0.42311 -0.12843 -0.68272 -0.11312 -0.39393 -0.01731  0.18097 -0.05175 -0.30668 -0.02204 -0.04353 -0.08785 -0.37548 -0.01872 -0.09249  0.01663 -0.29120 -0.02237 -0.15209 -0.12740 -0.31931  0.12152 
2014 09 15 08 02 13.43900 1 -0.83952  0.42311 -0.12843 -0.68272 -0.11312 -0.39393 -0.01731  0.18097 -0.05175 -0.30668 -0.02204 -0.04353 -0.08785 -0.37548 -0.01872 -0.09249  0.01663 -0.29120 -0.02237 -0.15209 -0.12740 -0.31931  0.12152 
2014 09 15 08 02 13.45400 1 -0.83952  0.42311 -0.12843 -0.68272 -0.11312 -0.39393 -0.01731  0.18097 -0.05175 -0.30668 -0.02204 -0.04353 -0.08785 -0.37548 -0.01872 -0.09249  0.01663 -0.29120 -0.02237 -0.15209 -0.12740 -0.31931  0.12152 
2014 09 15 08 02 13.47000 1 -0.83952  0.42311 -0.12843 -0.68272 -0.11312 -0.39393 -0.01731  0.18097 -0.05175 -0.30668 -0.02204 -0.04353 -0.08785 -0.37548 -0.01872 -0.09249  0.01663 -0.29120 -0.02237 -0.15209 -0.12740 -0.31931  0.12152 
2014 09 15 08 02 13.48500 1 -0.83952  0.42311 -0.12843 -0.68272 -0.11312 -0.39393 -0.01731  0.18097 -0.05175 -0.30668 -0.02204 -0.04353 -0.08785 -0.37548 -0.01872 -0.09249  0.01663 -0.29120 -0.02237 -0.15209 -0.12740 -0.31931  0.12152 
2014 09 15 08 02 13.50100 1 -0.83952  0.42311 -0.12843 -0.68272 -0.11312 -0.39393 -0.01731  0.18097 -0.05175 -0.30668 -0.02204 -0.04353 -0.08785 -0.37548 -0.01872 -0.09249  0.01663 -0.29120 -0.02237 -0.15209 -0.12740 -0.31931  0.12152 
2014 09 15 08 02 13.53200 1 -0.83952  0.42311 -0.12843 -0.68272 -0.11312 -0.39393 -0.01731  0.18097 -0.05175 -0.30668 -0.02204 -0.04353 -0.08785 -0.37548 -0.01872 -0.09249  0.01663 -0.29120 -0.02237 -0.15209 -0.12740 -0.31931  0.12152 
2014 09 15 08 02 13.54800 1 -0.83952  0.42311 -0.12843 -0.68272 -0.11312 -0.39393 -0.01731  0.18097 -0.05175 -0.30668 -0.02204 -0.04353 -0.08785 -0.37548 -0.01872 -0.09249  0.01663 -0.29120 -0.02237 -0.15209 -0.12740 -0.31931  0.12152 
2014 09 15 08 02 13.56300 1 -0.83952  0.42311 -0.12843 -0.68272 -0.11312 -0.39393 -0.01731  0.18097 -0.05175 -0.30668 -0.02204 -0.04353 -0.08785 -0.37548 -0.01872 -0.09249  0.01663 -0.29120 -0.02237 -0.15209 -0.12740 -0.31931  0.12152 
2014 09 15 08 02 13.57900 1 -0.83952  0.42311 -0.12843 -0.68272 -0.11312 -0.39393 -0.01731  0.18097 -0.05175 -0.30668 -0.02204 -0.04353 -0.08785 -0.37548 -0.01872 -0.09249  0.01663 -0.29120 -0.02237 -0.15209 -0.12740 -0.31931  0.12152 
2014 09 15 08 02 13.59500 1 -0.83952  0.42311 -0.12843 -0.68272 -0.11312 -0.39393 -0.01731  0.18097 -0.05175 -0.30668 -0.02204 -0.04353 -0.08785 -0.37548 -0.01872 -0.09249  0.01663 -0.29120 -0.02237 -0.15209 -0.12740 -0.31931  0.12152 
2014 09 15 08 02 13.61000 1 -0.83952  0.42311 -0.12843 -0.68272 -0.11312 -0.39393 -0.01731  0.18097 -0.05175 -0.30668 -0.02204 -0.04353 -0.08785 -0.37548 -0.01872 -0.09249  0.01663 -0.29120 -0.02237 -0.15209 -0.12740 -0.31931  0.12152 
2014 09 15 08 02 13.62600 1 -0.83952  0.42311 -0.12843 -0.68272 -0.11312 -0.39393 -0.01731  0.18097 -0.05175 -0.30668 -0.02204 -0.04353 -0.08785 -0.37548 -0.01872 -0.09249  0.01663 -0.29120 -0.02237 -0.15209 -0.12740 -0.31931  0.12152 
2014 09 15 08 02 13.64100 1 -0.83952  0.42311 -0.12843 -0.68272 -0.11312 -0.39393 -0.01731  0.18097 -0.05175 -0.30668 -0.02204 -0.04353 -0.08785 -0.37548 -0.01872 -0.09249  0.01663 -0.29120 -0.02237 -0.15209 -0.12740 -0.31931  0.12152 
2014 09 15 08 02 13.65700 1 -0.77616  0.42311 -0.12843 -0.68272 -0.11312 -0.39393 -0.01731  0.18097 -0.05175 -0.30668 -0.02204 -0.04353 -0.08785 -0.37548 -0.01872 -0.09249  0.01663 -0.29120 -0.02237 -0.15209 -0.12740 -0.31931  0.12152 
2014 09 15 08 02 13.67300 1 -0.77616  0.42311 -0.12843 -0.68272 -0.11312 -0.39393 -0.01731  0.18097 -0.05175 -0.30668 -0.02204 -0.04353 -0.08785 -0.37548 -0.01872 -0.09249  0.01663 -0.29120 -0.02237 -0.15209 -0.12740 -0.31931  0.12152 
2014 09 15 08 02 13.68800 1 -0.77616  0.42311 -0.12843 -0.68272 -0.11312 -0.39393 -0.01731  0.18097 -0.05175 -0.30668 -0.02204 -0.04353 -0.08785 -0.37548 -0.01872 -0.09249  0.01663 -0.29120 -0.02237 -0.15209 -0.12740 -0.31931  0.12152 
2014 09 15 08 02 13.70400 1 -0.77616  0.42311 -0.12843 -0.68272 -0.11312 -0.39393 -0.01731  0.18097 -0.05175 -0.30668 -0.02204 -0.04353 -0.08785 -0.37548 -0.01872 -0.09249  0.01663 -0.29120 -0.02237 -0.15209 -0.12740 -0.31931  0.12152 
