2014 11 28 08 42 28.03900 1 -0.68112 -0.11672 -0.08562 -0.56224 -0.17776  0.01459  0.00255  0.29406 -0.03450 -0.03608 -0.00572 -0.06065 -0.08785 -0.10728 -0.01455 -0.17081 -0.09978 -0.21840 -0.02186 -0.28405 -0.29120 -0.29342  0.07056 
2014 11 28 08 42 28.05400 1 -0.68112 -0.11672 -0.08562 -0.56224 -0.17776  0.01459  0.00255  0.29406 -0.03450 -0.03608 -0.00572 -0.06065 -0.08785 -0.10728 -0.01455 -0.17081 -0.09978 -0.21840 -0.02186 -0.28405 -0.29120 -0.29342  0.07056 
2014 11 28 08 42 28.07000 1 -0.68112 -0.11672 -0.08562 -0.56224 -0.17776  0.01459  0.00255  0.29406 -0.03450 -0.03608 -0.00572 -0.06065 -0.08785 -0.10728 -0.01455 -0.17081 -0.09978 -0.21840 -0.02186 -0.28405 -0.29120 -0.29342  0.07056 
2014 11 28 08 42 28.08500 1 -0.68112 -0.11672 -0.08562 -0.56224 -0.17776  0.01459  0.00255  0.29406 -0.03450 -0.03608 -0.00572 -0.06065 -0.08785 -0.10728 -0.01455 -0.17081 -0.09978 -0.21840 -0.02186 -0.28405 -0.29120 -0.29342  0.07056 
2014 11 28 08 42 28.10100 1 -0.68112 -0.11672 -0.08562 -0.56224 -0.17776  0.01459  0.00255  0.29406 -0.03450 -0.03608 -0.00572 -0.06065 -0.08785 -0.10728 -0.01455 -0.17081 -0.09978 -0.21840 -0.02186 -0.28405 -0.29120 -0.29342  0.07056 
2014 11 28 08 42 28.11700 1 -0.68112 -0.11672 -0.08562 -0.56224 -0.17776  0.01459  0.00255  0.29406 -0.03450 -0.03608 -0.00572 -0.06065 -0.08785 -0.10728 -0.01455 -0.17081 -0.09978 -0.21840 -0.02186 -0.28405 -0.29120 -0.29342  0.07056 
2014 11 28 08 42 28.13200 1 -0.68112 -0.11672 -0.08562 -0.56224 -0.17776  0.01459  0.00255  0.29406 -0.03450 -0.03608 -0.00572 -0.06065 -0.08785 -0.10728 -0.01455 -0.17081 -0.09978 -0.21840 -0.02186 -0.28405 -0.29120 -0.29342  0.07056 
2014 11 28 08 42 28.14800 1 -0.68112 -0.11672 -0.08562 -0.56224 -0.17776  0.01459  0.00255  0.29406 -0.03450 -0.03608 -0.00572 -0.06065 -0.08785 -0.10728 -0.01455 -0.17081 -0.09978 -0.21840 -0.02186 -0.28405 -0.29120 -0.29342  0.07056 
2014 11 28 08 42 28.16300 1 -0.68112 -0.11672 -0.08562 -0.56224 -0.17776  0.01459  0.00255  0.29406 -0.03450 -0.03608 -0.00572 -0.06065 -0.08785 -0.10728 -0.01455 -0.17081 -0.09978 -0.21840 -0.02186 -0.28405 -0.29120 -0.29342  0.07056 
2014 11 28 08 42 28.17900 1 -0.68112 -0.11672 -0.08562 -0.56224 -0.17776  0.01459  0.00255  0.29406 -0.03450 -0.03608 -0.00572 -0.06065 -0.08785 -0.10728 -0.01455 -0.17081 -0.09978 -0.21840 -0.02186 -0.28405 -0.29120 -0.29342  0.07056 
2014 11 28 08 42 28.19500 1 -0.68112 -0.11672 -0.08562 -0.56224 -0.17776  0.01459  0.00255  0.29406 -0.03450 -0.03608 -0.00572 -0.06065 -0.08785 -0.10728 -0.01455 -0.17081 -0.09978 -0.21840 -0.02186 -0.28405 -0.29120 -0.29342  0.07056 
2014 11 28 08 42 28.21000 1 -0.68112 -0.11672 -0.08562 -0.56224 -0.17776  0.01459  0.00255  0.29406 -0.03450 -0.03608 -0.00572 -0.06065 -0.08785 -0.10728 -0.01455 -0.17081 -0.09978 -0.21840 -0.02186 -0.28405 -0.29120 -0.29342  0.07056 
2014 11 28 08 42 28.22600 1 -0.68112 -0.11672 -0.08562 -0.56224 -0.17776  0.01459  0.00255  0.29406 -0.03450 -0.03608 -0.00572 -0.06065 -0.08785 -0.10728 -0.01455 -0.17081 -0.09978 -0.21840 -0.02186 -0.28405 -0.29120 -0.29342  0.07056 
2014 11 28 08 42 28.24100 1 -0.68112 -0.11672 -0.08562 -0.56224 -0.17776  0.01459  0.00255  0.29406 -0.03450 -0.03608 -0.00572 -0.06065 -0.08785 -0.10728 -0.01455 -0.17081 -0.09978 -0.21840 -0.02186 -0.28405 -0.29120 -0.29342  0.07056 
2014 11 28 08 42 28.27300 1 -0.68112 -0.11672 -0.08562 -0.56224 -0.17776  0.01459  0.00255  0.29406 -0.03450 -0.03608 -0.00572 -0.06065 -0.08785 -0.10728 -0.01455 -0.17081 -0.09978 -0.21840 -0.02186 -0.28405 -0.29120 -0.29342  0.07056 
2014 11 28 08 42 28.28800 1 -0.68112 -0.11672 -0.08562 -0.56224 -0.17776  0.01459  0.00255  0.29406 -0.03450 -0.03608 -0.00572 -0.06065 -0.08785 -0.10728 -0.01455 -0.17081 -0.09978 -0.21840 -0.02186 -0.28405 -0.29120 -0.29342  0.07056 
2014 11 28 08 42 28.30400 1 -0.68112 -0.11672 -0.08562 -0.56224 -0.17776  0.01459  0.00255  0.29406 -0.03450 -0.03608 -0.00572 -0.06065 -0.08785 -0.10728 -0.01455 -0.17081 -0.09978 -0.21840 -0.02186 -0.28405 -0.29120 -0.29342  0.07056 
2014 11 28 08 42 28.31900 1 -0.68112 -0.11672 -0.08562 -0.56224 -0.17776  0.01459  0.00255  0.29406 -0.03450 -0.03608 -0.00572 -0.06065 -0.08785 -0.10728 -0.01455 -0.17081 -0.09978 -0.21840 -0.02186 -0.28405 -0.33670 -0.29342  0.07056 
2014 11 28 08 42 28.33500 1 -0.68112 -0.11672 -0.08562 -0.54216 -0.17776  0.01459  0.00255  0.29406 -0.03450 -0.03608 -0.00572 -0.06065 -0.08785 -0.10728 -0.01455 -0.17081 -0.09978 -0.21840 -0.02186 -0.28405 -0.33670 -0.29342  0.09016 
2014 11 28 08 42 28.35100 1 -0.68112 -0.11672 -0.08562 -0.54216 -0.17776  0.01459  0.00255  0.29406 -0.03450 -0.03608 -0.00572 -0.06065 -0.08785 -0.10728 -0.01455 -0.17081 -0.09978 -0.21840 -0.02186 -0.28405 -0.38220 -0.29342  0.09016 
2014 11 28 08 42 28.36600 1 -0.68112 -0.11672 -0.08562 -0.54216 -0.17776  0.01459  0.00255  0.29406 -0.03450 -0.03608 -0.00572 -0.06065 -0.08785 -0.03576 -0.00567 -0.17081 -0.09978 -0.21840 -0.02186 -0.28405 -0.38220 -0.29342  0.10584 
2014 11 28 08 42 28.38200 1 -0.68112 -0.11672 -0.08562 -0.54216 -0.17776  0.01459  0.00255  0.29406 -0.03450 -0.03608 -0.00572 -0.06065 -0.08785 -0.03576 -0.00567 -0.17081 -0.09978 -0.21840 -0.02186 -0.28405 -0.38220 -0.29342  0.10584 
2014 11 28 08 42 28.39700 1 -0.68112 -0.11672 -0.08562 -0.52208 -0.17776  0.01459  0.00255  0.29406 -0.03450 -0.03608 -0.00572 -0.06065 -0.08785 -0.03576 -0.00567 -0.17081 -0.09978 -0.21840 -0.02186 -0.28405 -0.41860 -0.29342  0.10584 
2014 11 28 08 42 28.41300 1 -0.68112 -0.11672 -0.08562 -0.52208 -0.17776  0.01459  0.00255  0.29406 -0.03450 -0.03608 -0.00572 -0.06065 -0.08785 -0.03576 -0.00567 -0.17081 -0.09978 -0.21840 -0.02186 -0.28405 -0.41860 -0.29342  0.10584 
2014 11 28 08 42 28.42900 1 -0.68112 -0.11672 -0.08562 -0.49698 -0.17776  0.01459  0.00255  0.29406 -0.03450 -0.03608 -0.00572 -0.06065 -0.08785 -0.03576 -0.00567 -0.17081 -0.09978 -0.21840 -0.02186 -0.28405 -0.41860 -0.29342  0.10584 
2014 11 28 08 42 28.44400 1 -0.76032 -0.11672 -0.08562 -0.45682 -0.17776  0.01459  0.00255  0.29406 -0.03450 -0.03608 -0.00572 -0.06065 -0.08785 -0.03576 -0.00567 -0.17081 -0.09978 -0.21840 -0.02186 -0.28405 -0.41860 -0.29342  0.10584 
2014 11 28 08 42 28.46000 1 -0.76032 -0.05836 -0.08562 -0.41164 -0.17776  0.01459  0.00255  0.27718 -0.03450 -0.03608 -0.00572 -0.05508 -0.08785 -0.03576 -0.00567 -0.16524 -0.09978 -0.21840 -0.02186 -0.27848 -0.41860 -0.29342  0.10584 
2014 11 28 08 42 28.47500 1 -0.76032 -0.05836 -0.08562 -0.38654 -0.17776  0.01459  0.00255  0.27718 -0.03450 -0.03608 -0.00572 -0.05508 -0.08785 -0.03576 -0.00567 -0.16524 -0.09978 -0.21840 -0.02186 -0.27848 -0.41860 -0.29342  0.10584 
2014 11 28 08 42 28.49100 1 -0.82368  0.01459 -0.08562 -0.34136 -0.17776 -0.05836 -0.00883  0.26367 -0.03450 -0.03608 -0.00572 -0.05063 -0.08785 -0.03576 -0.00567 -0.16079 -0.01663 -0.21840 -0.02186 -0.27403 -0.41860 -0.29342  0.10584 
2014 11 28 08 42 28.52200 1 -0.88704  0.07295 -0.02854 -0.26606 -0.09696 -0.11672 -0.01548  0.25017  0.03450 -0.10824 -0.01465 -0.04617 -0.01757 -0.12516 -0.01626 -0.15633 -0.01663 -0.29120 -0.02237 -0.22189 -0.41860 -0.29342  0.10584 
2014 11 28 08 42 28.53800 1 -0.88704  0.13131 -0.02854 -0.22088 -0.03232 -0.11672 -0.01548  0.23328  0.03450 -0.19844 -0.02113 -0.04061  0.05271 -0.19668 -0.02106 -0.15077  0.04989 -0.29120 -0.02237 -0.21633 -0.41860 -0.29342  0.10584 
2014 11 28 08 42 28.55300 1 -0.96624  0.18967 -0.02854 -0.18072 -0.03232 -0.18967 -0.02073  0.21219  0.10350 -0.19844 -0.02113 -0.04374  0.05271 -0.19668 -0.02106 -0.12330  0.04989 -0.29120 -0.02237 -0.16502 -0.45500 -0.29342  0.10584 
2014 11 28 08 42 28.56900 1 -1.02960  0.18967  0.02854 -0.15060  0.04848 -0.24803 -0.02248  0.18772  0.10350 -0.27060 -0.02257 -0.04576  0.05271 -0.26820 -0.02258 -0.09472  0.04989 -0.29120 -0.02237 -0.13644 -0.45500 -0.29342  0.10584 
2014 11 28 08 42 28.58500 1 -1.02960  0.18967  0.02854 -0.15060  0.04848 -0.24803 -0.02248  0.16746  0.10350 -0.34276 -0.02067 -0.03908  0.05271 -0.26820 -0.02258 -0.08804  0.04989 -0.29120 -0.02237 -0.12976 -0.45500 -0.29342  0.10584 
2014 11 28 08 42 28.60000 1 -1.10880  0.18967  0.02854 -0.13052  0.04848 -0.30639 -0.02205  0.13354  0.17250 -0.41492 -0.01545 -0.04606  0.12299 -0.33972 -0.02082 -0.03994  0.04989 -0.29120 -0.02237 -0.08166 -0.45500 -0.29342  0.10584 
2014 11 28 08 42 28.61600 1 -1.10880  0.24803  0.02854 -0.11044  0.11312 -0.30639 -0.02205  0.11093  0.17250 -0.48708 -0.00688 -0.05071  0.12299 -0.33972 -0.02082 -0.00787  0.04989 -0.29120 -0.02237 -0.04959 -0.45500 -0.29342  0.10584 
2014 11 28 08 42 28.63100 1 -1.18800  0.24803  0.02854 -0.11044  0.11312 -0.30639 -0.02205  0.11093  0.17250 -0.48708 -0.00688 -0.05071  0.12299 -0.33972 -0.02082 -0.00787  0.04989 -0.29120 -0.02237 -0.01979 -0.45500 -0.29342  0.10584 
2014 11 28 08 42 28.64700 1 -1.18800  0.24803  0.02854 -0.11044  0.11312 -0.30639 -0.02205  0.09135  0.17250 -0.48708 -0.00688 -0.05233  0.12299 -0.41124 -0.01579  0.01499  0.04989 -0.29120 -0.02237  0.00307 -0.45500 -0.29342  0.10584 
2014 11 28 08 42 28.66300 1 -1.25136  0.30639  0.08562 -0.11044  0.11312 -0.36475 -0.01943  0.08528  0.17250 -0.55924 -0.00501 -0.05840  0.12299 -0.41124 -0.01579  0.03340 -0.01663 -0.29120 -0.02237  0.02148 -0.45500 -0.29342  0.10584 
2014 11 28 08 42 28.67800 1 -1.25136  0.30639  0.08562 -0.09036  0.11312 -0.36475 -0.01943  0.07617  0.17250 -0.55924 -0.00501 -0.06751  0.12299 -0.41124 -0.01579  0.06101 -0.01663 -0.29120 -0.02237  0.04909 -0.45500 -0.29342  0.10584 
2014 11 28 08 42 28.69400 1 -1.25136  0.30639  0.08562 -0.09036  0.11312 -0.36475 -0.01943  0.05660  0.17250 -0.55924 -0.00501 -0.06912  0.12299 -0.41124 -0.01579  0.08388 -0.01663 -0.29120 -0.02237  0.07196 -0.45500 -0.29342  0.10584 
2014 11 28 08 42 28.70900 1 -1.31472  0.36475  0.08562 -0.09036  0.11312 -0.36475 -0.01943  0.05053  0.17250 -0.63140 -0.02024 -0.07519  0.12299 -0.41124 -0.01579  0.10229 -0.08315 -0.29120 -0.02237  0.11421 -0.45500 -0.29342  0.10584 
2014 11 28 08 42 28.72500 1 -1.31472  0.36475  0.08562 -0.09036  0.04848 -0.36475 -0.01943  0.05053  0.17250 -0.63140 -0.02024 -0.07519  0.12299 -0.48276 -0.00749  0.10229 -0.08315 -0.29120 -0.02237  0.11421 -0.45500 -0.29342  0.10584 
2014 11 28 08 42 28.75600 1 -1.37808  0.36475  0.08562 -0.06526 -0.03232 -0.49606 -0.00559  0.01543  0.17250 -0.79376 -0.06668 -0.08784  0.19327 -0.66156 -0.02759  0.16308 -0.08315 -0.36400 -0.01948  0.18692 -0.52780 -0.25027  0.10584 
2014 11 28 08 42 28.77200 1 -1.44144  0.36475  0.08562 -0.06526 -0.09696 -0.49606 -0.00559  0.01543  0.17250 -0.79376 -0.06668 -0.08784  0.19327 -0.66156 -0.02759  0.16308 -0.16630 -0.36400 -0.01948  0.18692 -0.52780 -0.25027  0.10584 
2014 11 28 08 42 28.78700 1 -1.52064  0.30639  0.08562 -0.06526 -0.16160 -0.56901 -0.00688  0.01543  0.17250 -0.86592 -0.09274 -0.08784  0.19327 -0.75096 -0.05280  0.16308 -0.16630 -0.45500 -0.01110  0.21076 -0.56420 -0.25027  0.10584 
2014 11 28 08 42 28.80300 1 -1.59984  0.30639  0.08562 -0.04518 -0.24240 -0.62737 -0.01930  0.01543  0.10350 -0.93808 -0.12212 -0.08784  0.19327 -0.85824 -0.08980  0.16308 -0.23282 -0.45500 -0.01110  0.21076 -0.60970 -0.25027  0.10584 
2014 11 28 08 42 28.81900 1 -1.59984  0.23344  0.08562 -0.04518 -0.24240 -0.68573 -0.03390  0.02894  0.10350 -0.93808 -0.12212 -0.09229  0.19327 -0.85824 -0.08980  0.15863 -0.23282 -0.52780 -0.00058  0.23611 -0.64610 -0.21575  0.10584 
2014 11 28 08 42 28.83400 1 -1.67904  0.17508  0.01427 -0.04518 -0.30704 -0.74409 -0.05068  0.04851  0.03450 -0.93808 -0.12212 -0.09068  0.19327 -0.92976 -0.11857  0.13576 -0.29934 -0.52780 -0.00058  0.21324 -0.64610 -0.21575  0.09016 
2014 11 28 08 42 28.85000 1 -1.75824  0.17508 -0.07135 -0.02510 -0.40400 -0.81704 -0.07472  0.05458 -0.05175 -1.01024 -0.15485 -0.08461  0.19327 -1.01916 -0.15912  0.11735 -0.29934 -0.52780 -0.00058  0.19483 -0.69160 -0.21575  0.09016 
2014 11 28 08 42 28.86500 1 -1.82160  0.17508 -0.07135 -0.02510 -0.48480 -0.81704 -0.07472  0.05458 -0.05175 -1.08240 -0.19090 -0.08461  0.19327 -1.10856 -0.20479  0.11735 -0.29934 -0.52780 -0.00058  0.21867 -0.69160 -0.21575  0.09016 
2014 11 28 08 42 28.88100 1 -1.82160  0.23344 -0.15697 -0.00502 -0.54944 -0.88999 -0.10217  0.05458 -0.12075 -1.13652 -0.22013 -0.08461  0.19327 -1.10856 -0.20479  0.11735 -0.29934 -0.61880 -0.01734  0.21867 -0.69160 -0.21575  0.07448 
2014 11 28 08 42 28.89700 1 -1.88496  0.29180 -0.22832 -0.00502 -0.54944 -0.94835 -0.12658  0.05458 -0.18975 -1.13652 -0.22013 -0.08461  0.19327 -1.19796 -0.25558  0.11735 -0.29934 -0.69160 -0.03549  0.21867 -0.72800 -0.18123  0.07448 
2014 11 28 08 42 28.91200 1 -1.88496  0.29180 -0.28540  0.01506 -0.63024 -0.94835 -0.12658  0.05458 -0.18975 -1.13652 -0.22013 -0.08461  0.19327 -1.19796 -0.25558  0.11735 -0.29934 -0.69160 -0.03549  0.21867 -0.72800 -0.18123  0.07448 
2014 11 28 08 42 28.92800 1 -1.88496  0.35016 -0.34248  0.01506 -0.63024 -0.94835 -0.12658  0.06066 -0.18975 -1.20868 -0.26201 -0.07853  0.19327 -1.25160 -0.28851  0.09895 -0.29934 -0.78260 -0.06295  0.20027 -0.72800 -0.18123  0.05880 
2014 11 28 08 42 28.94300 1 -1.94832  0.35016 -0.34248  0.01506 -0.69488 -0.94835 -0.12658  0.06066 -0.25875 -1.20868 -0.26201 -0.07853  0.12299 -1.25160 -0.28851  0.09895 -0.29934 -0.85540 -0.08873  0.20027 -0.76440 -0.18123  0.05880 
2014 11 28 08 42 28.95900 1 -1.94832  0.35016 -0.41383  0.01506 -0.69488 -1.00671 -0.15317  0.06673 -0.25875 -1.20868 -0.26201 -0.07246  0.12299 -1.25160 -0.28851  0.08054 -0.29934 -0.85540 -0.08873  0.18186 -0.76440 -0.18123  0.05880 
2014 11 28 08 42 28.97500 1 -1.94832  0.35016 -0.41383  0.01506 -0.69488 -1.00671 -0.15317  0.06673 -0.25875 -1.20868 -0.26201 -0.07246  0.12299 -1.25160 -0.28851  0.08054 -0.29934 -0.85540 -0.08873  0.18186 -0.76440 -0.18123  0.05880 
2014 11 28 08 42 29.00600 1 -1.94832  0.40852 -0.47091  0.01506 -0.69488 -1.05048 -0.17454  0.06673 -0.25875 -1.20868 -0.26201 -0.07246  0.12299 -1.25160 -0.28851  0.08054 -0.29934 -0.92820 -0.11790  0.18186 -0.76440 -0.18123  0.05880 
2014 11 28 08 42 29.02100 1 -1.94832  0.40852 -0.47091  0.01506 -0.69488 -1.05048 -0.17454  0.06673 -0.25875 -1.28084 -0.30723 -0.07246  0.12299 -1.25160 -0.28851  0.08054 -0.29934 -0.92820 -0.11790  0.18186 -0.76440 -0.14671  0.05880 
2014 11 28 08 42 29.03700 1 -1.94832  0.40852 -0.47091  0.01506 -0.69488 -1.05048 -0.17454  0.06673 -0.32775 -1.28084 -0.30723 -0.07246  0.12299 -1.25160 -0.28851  0.08054 -0.29934 -0.92820 -0.11790  0.18186 -0.76440 -0.14671  0.05880 
2014 11 28 08 42 29.05300 1 -1.94832  0.40852 -0.52799  0.01506 -0.69488 -1.05048 -0.17454  0.06673 -0.32775 -1.28084 -0.30723 -0.07246  0.12299 -1.25160 -0.28851  0.08054 -0.29934 -0.92820 -0.11790  0.18186 -0.76440 -0.14671  0.05880 
2014 11 28 08 42 29.06800 1 -1.94832  0.40852 -0.52799  0.01506 -0.69488 -1.05048 -0.17454  0.06673 -0.32775 -1.28084 -0.30723 -0.07246  0.12299 -1.25160 -0.28851  0.08054 -0.29934 -0.92820 -0.11790  0.18186 -0.80080 -0.14671  0.05880 
2014 11 28 08 42 29.08400 1 -1.94832  0.40852 -0.52799  0.01506 -0.69488 -1.05048 -0.17454  0.06673 -0.32775 -1.28084 -0.30723 -0.07246  0.12299 -1.25160 -0.28851  0.08054 -0.29934 -0.92820 -0.11790  0.18186 -0.80080 -0.14671  0.05880 
2014 11 28 08 42 29.09900 1 -1.94832  0.40852 -0.52799  0.01506 -0.69488 -1.05048 -0.17454  0.06673 -0.32775 -1.28084 -0.30723 -0.07246  0.12299 -1.25160 -0.28851  0.08054 -0.36586 -0.92820 -0.11790  0.18186 -0.80080 -0.14671  0.05880 
2014 11 28 08 42 29.11500 1 -1.94832  0.40852 -0.52799  0.01506 -0.69488 -1.05048 -0.17454  0.06673 -0.32775 -1.28084 -0.30723 -0.07246  0.12299 -1.25160 -0.28851  0.08054 -0.36586 -0.92820 -0.11790  0.18186 -0.80080 -0.14671  0.05880 
2014 11 28 08 42 29.13100 1 -1.94832  0.40852 -0.52799  0.01506 -0.69488 -1.05048 -0.17454  0.06673 -0.32775 -1.28084 -0.30723 -0.07246  0.12299 -1.25160 -0.28851  0.08054 -0.36586 -0.92820 -0.11790  0.18186 -0.80080 -0.14671  0.05880 
2014 11 28 08 42 29.14600 1 -1.94832  0.40852 -0.52799  0.01506 -0.69488 -1.05048 -0.17454  0.06673 -0.32775 -1.28084 -0.30723 -0.07246  0.12299 -1.25160 -0.28851  0.08054 -0.36586 -0.92820 -0.11790  0.18186 -0.80080 -0.14671  0.05880 
2014 11 28 08 42 29.16200 1 -1.88496  0.40852 -0.52799  0.01506 -0.69488 -1.05048 -0.17454  0.07280 -0.32775 -1.28084 -0.30723 -0.06639  0.12299 -1.25160 -0.28851  0.06213 -0.36586 -0.92820 -0.11790  0.16345 -0.80080 -0.14671  0.05880 
2014 11 28 08 42 29.17700 1 -1.88496  0.40852 -0.52799  0.01506 -0.69488 -1.05048 -0.17454  0.07280 -0.32775 -1.28084 -0.30723 -0.06639  0.12299 -1.25160 -0.28851  0.06213 -0.36586 -0.92820 -0.11790  0.16345 -0.80080 -0.14671  0.05880 
2014 11 28 08 42 29.19300 1 -1.88496  0.40852 -0.52799  0.01506 -0.69488 -1.05048 -0.17454  0.07280 -0.32775 -1.28084 -0.30723 -0.06639  0.12299 -1.25160 -0.28851  0.06213 -0.36586 -0.92820 -0.11790  0.16345 -0.80080 -0.14671  0.05880 
2014 11 28 08 42 29.20900 1 -1.88496  0.40852 -0.52799  0.01506 -0.69488 -1.10884 -0.20495  0.07280 -0.32775 -1.28084 -0.30723 -0.06639  0.12299 -1.25160 -0.28851  0.06213 -0.36586 -0.92820 -0.11790  0.16345 -0.80080 -0.14671  0.05880 
2014 11 28 08 42 29.22400 1 -1.88496  0.40852 -0.52799  0.01506 -0.69488 -1.10884 -0.20495  0.07280 -0.32775 -1.28084 -0.30723 -0.06639  0.12299 -1.25160 -0.28851  0.06213 -0.36586 -0.92820 -0.11790  0.16345 -0.80080 -0.14671  0.07840 
2014 11 28 08 42 29.25500 1 -1.88496  0.40852 -0.52799  0.01506 -0.69488 -1.10884 -0.20495  0.07280 -0.32775 -1.28084 -0.30723 -0.06639  0.12299 -1.25160 -0.28851  0.06213 -0.36586 -0.92820 -0.11790  0.16345 -0.80080 -0.14671  0.07840 
2014 11 28 08 42 29.27100 1 -1.88496  0.40852 -0.52799  0.01506 -0.69488 -1.10884 -0.20495  0.07280 -0.32775 -1.28084 -0.30723 -0.06639  0.12299 -1.25160 -0.28851  0.06213 -0.36586 -0.92820 -0.11790  0.16345 -0.80080 -0.14671  0.07840 
2014 11 28 08 42 29.28700 1 -1.88496  0.40852 -0.52799  0.01506 -0.69488 -1.10884 -0.20495  0.07280 -0.32775 -1.28084 -0.30723 -0.06639  0.12299 -1.25160 -0.28851  0.06213 -0.36586 -0.92820 -0.11790  0.16345 -0.80080 -0.14671  0.07840 
2014 11 28 08 42 29.30200 1 -1.88496  0.40852 -0.52799  0.01506 -0.69488 -1.10884 -0.20495  0.07280 -0.32775 -1.28084 -0.30723 -0.06639  0.12299 -1.25160 -0.28851  0.06213 -0.36586 -0.92820 -0.11790  0.16345 -0.80080 -0.14671  0.07840 
2014 11 28 08 42 29.31800 1 -1.88496  0.40852 -0.52799  0.01506 -0.69488 -1.10884 -0.20495  0.07280 -0.32775 -1.28084 -0.30723 -0.06639  0.12299 -1.25160 -0.28851  0.06213 -0.36586 -0.92820 -0.11790  0.16345 -0.80080 -0.14671  0.07840 
2014 11 28 08 42 29.33300 1 -1.88496  0.40852 -0.52799  0.01506 -0.69488 -1.10884 -0.20495  0.07280 -0.32775 -1.28084 -0.30723 -0.06639  0.12299 -1.25160 -0.28851  0.06213 -0.36586 -0.92820 -0.11790  0.16345 -0.80080 -0.14671  0.07840 
2014 11 28 08 42 29.34900 1 -1.88496  0.40852 -0.52799  0.01506 -0.69488 -1.10884 -0.20495  0.07280 -0.32775 -1.28084 -0.30723 -0.06639  0.12299 -1.25160 -0.28851  0.06213 -0.36586 -0.92820 -0.11790  0.16345 -0.80080 -0.14671  0.07840 
2014 11 28 08 42 29.36500 1 -1.88496  0.40852 -0.52799  0.01506 -0.69488 -1.10884 -0.20495  0.07280 -0.32775 -1.28084 -0.30723 -0.06639  0.12299 -1.25160 -0.28851  0.06213 -0.36586 -0.92820 -0.11790  0.16345 -0.80080 -0.14671  0.07840 
2014 11 28 08 42 29.38000 1 -1.88496  0.40852 -0.52799  0.01506 -0.69488 -1.10884 -0.20495  0.07280 -0.32775 -1.28084 -0.30723 -0.06639  0.12299 -1.25160 -0.28851  0.06213 -0.36586 -0.92820 -0.11790  0.16345 -0.80080 -0.14671  0.09408 
2014 11 28 08 42 29.39600 1 -1.88496  0.40852 -0.52799  0.01506 -0.69488 -1.10884 -0.20495  0.07280 -0.32775 -1.28084 -0.30723 -0.06639  0.12299 -1.25160 -0.28851  0.06213 -0.36586 -0.92820 -0.11790  0.16345 -0.80080 -0.14671  0.09408 
2014 11 28 08 42 29.41100 1 -1.88496  0.40852 -0.52799  0.01506 -0.69488 -1.10884 -0.20495  0.07280 -0.32775 -1.28084 -0.30723 -0.06639  0.12299 -1.25160 -0.28851  0.06213 -0.36586 -0.92820 -0.11790  0.16345 -0.80080 -0.14671  0.09408 
2014 11 28 08 42 29.42700 1 -1.88496  0.40852 -0.52799  0.01506 -0.69488 -1.10884 -0.20495  0.07280 -0.32775 -1.28084 -0.30723 -0.06639  0.12299 -1.25160 -0.28851  0.06213 -0.36586 -0.92820 -0.11790  0.16345 -0.80080 -0.14671  0.09408 
2014 11 28 08 42 29.44300 1 -1.88496  0.40852 -0.52799  0.01506 -0.69488 -1.10884 -0.20495  0.07280 -0.32775 -1.28084 -0.30723 -0.06639  0.12299 -1.25160 -0.28851  0.06213 -0.36586 -0.92820 -0.11790  0.16345 -0.80080 -0.11219  0.09408 
2014 11 28 08 42 29.45800 1 -1.88496  0.40852 -0.52799  0.01506 -0.69488 -1.10884 -0.20495  0.07280 -0.32775 -1.28084 -0.30723 -0.06639  0.12299 -1.25160 -0.28851  0.06213 -0.36586 -0.92820 -0.11790  0.16345 -0.80080 -0.11219  0.09408 
2014 11 28 08 42 29.48900 1 -1.88496  0.40852 -0.52799  0.01506 -0.69488 -1.10884 -0.20495  0.07280 -0.32775 -1.28084 -0.30723 -0.06639  0.12299 -1.25160 -0.28851  0.06213 -0.36586 -0.92820 -0.11790  0.16345 -0.80080 -0.11219  0.09408 
2014 11 28 08 42 29.50500 1 -1.88496  0.40852 -0.52799  0.01506 -0.69488 -1.10884 -0.20495  0.07280 -0.32775 -1.28084 -0.30723 -0.06639  0.12299 -1.25160 -0.28851  0.06213 -0.36586 -0.92820 -0.11790  0.16345 -0.80080 -0.11219  0.09408 
2014 11 28 08 42 29.52100 1 -1.88496  0.40852 -0.52799  0.01506 -0.69488 -1.10884 -0.20495  0.07280 -0.32775 -1.28084 -0.30723 -0.06639  0.12299 -1.25160 -0.28851  0.06213 -0.36586 -0.92820 -0.11790  0.16345 -0.80080 -0.11219  0.09408 
2014 11 28 08 42 29.53600 1 -1.88496  0.40852 -0.52799  0.01506 -0.69488 -1.10884 -0.20495  0.07280 -0.32775 -1.28084 -0.30723 -0.06639  0.12299 -1.25160 -0.28851  0.06213 -0.36586 -0.92820 -0.11790  0.16345 -0.80080 -0.11219  0.09408 
2014 11 28 08 42 29.55200 1 -1.88496  0.40852 -0.52799  0.01506 -0.69488 -1.10884 -0.20495  0.07280 -0.32775 -1.28084 -0.30723 -0.06639  0.12299 -1.25160 -0.28851  0.06213 -0.36586 -0.92820 -0.11790  0.16345 -0.80080 -0.07767  0.09408 
2014 11 28 08 42 29.56700 1 -1.88496  0.40852 -0.52799  0.01506 -0.69488 -1.10884 -0.20495  0.07280 -0.32775 -1.28084 -0.30723 -0.06639  0.12299 -1.25160 -0.28851  0.06213 -0.36586 -0.92820 -0.11790  0.16345 -0.80080 -0.07767  0.09408 
2014 11 28 08 42 29.58300 1 -1.88496  0.40852 -0.52799  0.01506 -0.69488 -1.10884 -0.20495  0.08630 -0.32775 -1.28084 -0.30723 -0.07085  0.12299 -1.25160 -0.28851  0.05767 -0.36586 -0.92820 -0.11790  0.15899 -0.80080 -0.07767  0.09408 
2014 11 28 08 42 29.59900 1 -1.88496  0.40852 -0.52799  0.01506 -0.69488 -1.10884 -0.20495  0.08630 -0.32775 -1.28084 -0.30723 -0.07085  0.12299 -1.25160 -0.28851  0.05767 -0.36586 -0.92820 -0.11790  0.15899 -0.80080 -0.07767  0.09408 
2014 11 28 08 42 29.61400 1 -1.88496  0.40852 -0.52799  0.01506 -0.69488 -1.10884 -0.20495  0.08630 -0.32775 -1.28084 -0.30723 -0.07085  0.12299 -1.25160 -0.28851  0.05767 -0.36586 -0.92820 -0.11790  0.15899 -0.80080 -0.07767  0.09408 
2014 11 28 08 42 29.63000 1 -1.88496  0.40852 -0.52799  0.01506 -0.69488 -1.10884 -0.20495  0.08630 -0.32775 -1.28084 -0.30723 -0.07085  0.12299 -1.25160 -0.28851  0.05767 -0.36586 -0.92820 -0.11790  0.15899 -0.80080 -0.04315  0.09408 
2014 11 28 08 42 29.64500 1 -1.88496  0.40852 -0.52799  0.01506 -0.69488 -1.10884 -0.20495  0.08630 -0.32775 -1.28084 -0.30723 -0.07085  0.12299 -1.25160 -0.28851  0.05767 -0.29934 -0.92820 -0.11790  0.15899 -0.80080 -0.04315  0.09408 
2014 11 28 08 42 29.66100 1 -1.88496  0.40852 -0.52799  0.01506 -0.69488 -1.10884 -0.20495  0.08630 -0.32775 -1.28084 -0.30723 -0.07085  0.12299 -1.25160 -0.28851  0.05767 -0.29934 -0.92820 -0.11790  0.15899 -0.80080 -0.04315  0.09408 
2014 11 28 08 42 29.67700 1 -1.88496  0.40852 -0.52799  0.01506 -0.69488 -1.10884 -0.20495  0.08630 -0.32775 -1.28084 -0.30723 -0.07085  0.12299 -1.25160 -0.28851  0.05767 -0.29934 -0.92820 -0.11790  0.15899 -0.80080 -0.04315  0.09408 
2014 11 28 08 42 29.69200 1 -1.88496  0.40852 -0.52799  0.01506 -0.69488 -1.10884 -0.20495  0.08630 -0.32775 -1.28084 -0.30723 -0.07085  0.12299 -1.25160 -0.28851  0.05767 -0.29934 -0.92820 -0.11790  0.15899 -0.80080 -0.04315  0.09408 
2014 11 28 08 42 29.70800 1 -1.88496  0.40852 -0.52799  0.01506 -0.69488 -1.10884 -0.20495  0.08630 -0.32775 -1.28084 -0.30723 -0.07085  0.12299 -1.25160 -0.28851  0.05767 -0.29934 -0.92820 -0.11790  0.15899 -0.80080 -0.04315  0.09408 
2014 11 28 08 42 29.73900 1 -1.88496  0.40852 -0.52799  0.01506 -0.69488 -1.10884 -0.20495  0.08630 -0.32775 -1.28084 -0.30723 -0.07085  0.12299 -1.25160 -0.28851  0.05767 -0.29934 -0.92820 -0.11790  0.15899 -0.80080 -0.04315  0.09408 
2014 11 28 08 42 29.75500 1 -1.88496  0.40852 -0.52799  0.01506 -0.69488 -1.10884 -0.20495  0.08630 -0.32775 -1.28084 -0.30723 -0.07085  0.12299 -1.25160 -0.28851  0.05767 -0.29934 -0.92820 -0.11790  0.15899 -0.80080 -0.04315  0.09408 
2014 11 28 08 42 29.77000 1 -1.88496  0.40852 -0.52799  0.01506 -0.69488 -1.10884 -0.20495  0.08630 -0.32775 -1.28084 -0.30723 -0.07085  0.12299 -1.25160 -0.28851  0.05767 -0.29934 -0.92820 -0.11790  0.15899 -0.83720 -0.04315  0.09408 
2014 11 28 08 42 29.78600 1 -1.88496  0.40852 -0.52799  0.01506 -0.69488 -1.10884 -0.20495  0.08630 -0.32775 -1.28084 -0.30723 -0.07085  0.12299 -1.25160 -0.28851  0.05767 -0.29934 -0.92820 -0.11790  0.15899 -0.83720 -0.04315  0.09408 
2014 11 28 08 42 29.80100 1 -1.88496  0.40852 -0.52799  0.01506 -0.69488 -1.10884 -0.20495  0.08630 -0.32775 -1.28084 -0.30723 -0.07085  0.12299 -1.25160 -0.28851  0.05767 -0.29934 -0.92820 -0.11790  0.15899 -0.83720 -0.04315  0.09408 
2014 11 28 08 42 29.81700 1 -1.88496  0.40852 -0.52799  0.01506 -0.69488 -1.10884 -0.20495  0.08630 -0.32775 -1.28084 -0.30723 -0.07085  0.12299 -1.25160 -0.28851  0.05767 -0.29934 -0.92820 -0.11790  0.15899 -0.83720 -0.00000  0.09408 
2014 11 28 08 42 29.83300 1 -1.88496  0.46688 -0.52799  0.01506 -0.69488 -1.10884 -0.20495  0.08630 -0.32775 -1.28084 -0.30723 -0.07085  0.12299 -1.25160 -0.28851  0.05767 -0.29934 -0.92820 -0.11790  0.15899 -0.83720 -0.00000  0.09408 
2014 11 28 08 42 29.84800 1 -1.88496  0.46688 -0.52799  0.01506 -0.69488 -1.10884 -0.20495  0.08630 -0.32775 -1.28084 -0.30723 -0.07085  0.12299 -1.25160 -0.28851  0.05767 -0.29934 -0.92820 -0.11790  0.15899 -0.83720 -0.00000  0.09408 
2014 11 28 08 42 29.86400 1 -1.88496  0.46688 -0.52799  0.01506 -0.69488 -1.10884 -0.20495  0.08630 -0.32775 -1.28084 -0.30723 -0.07085  0.12299 -1.25160 -0.28851  0.05767 -0.29934 -0.92820 -0.11790  0.15899 -0.83720 -0.00000  0.09408 
2014 11 28 08 42 29.87900 1 -1.88496  0.46688 -0.52799  0.01506 -0.69488 -1.10884 -0.20495  0.08630 -0.25875 -1.28084 -0.30723 -0.07085  0.12299 -1.25160 -0.28851  0.05767 -0.29934 -0.92820 -0.11790  0.15899 -0.83720 -0.00000  0.09408 
2014 11 28 08 42 29.89500 1 -1.88496  0.46688 -0.52799  0.01506 -0.69488 -1.10884 -0.20495  0.08630 -0.25875 -1.28084 -0.30723 -0.07085  0.12299 -1.25160 -0.28851  0.05767 -0.29934 -0.92820 -0.11790  0.15899 -0.83720 -0.00000  0.09408 
2014 11 28 08 42 29.91100 1 -1.88496  0.46688 -0.52799  0.01506 -0.69488 -1.10884 -0.20495  0.08630 -0.25875 -1.28084 -0.30723 -0.07085  0.12299 -1.25160 -0.28851  0.05767 -0.29934 -0.92820 -0.11790  0.15899 -0.83720 -0.00000  0.09408 
2014 11 28 08 42 29.92600 1 -1.88496  0.46688 -0.52799  0.01506 -0.69488 -1.10884 -0.20495  0.08630 -0.25875 -1.28084 -0.30723 -0.07085  0.12299 -1.25160 -0.28851  0.05767 -0.29934 -0.92820 -0.11790  0.13515 -0.79170 -0.00000  0.09408 
2014 11 28 08 42 29.94200 1 -1.82160  0.46688 -0.47091  0.01506 -0.61408 -1.10884 -0.20495  0.08630 -0.25875 -1.28084 -0.30723 -0.07085  0.12299 -1.25160 -0.28851  0.05767 -0.29934 -0.92820 -0.11790  0.13515 -0.74620 -0.03452  0.09408 
2014 11 28 08 42 29.95700 1 -1.82160  0.39393 -0.47091  0.01506 -0.61408 -1.10884 -0.20495  0.08630 -0.25875 -1.28084 -0.30723 -0.07085  0.12299 -1.21584 -0.26635  0.05767 -0.29934 -0.92820 -0.11790  0.13515 -0.74620 -0.03452  0.09408 
2014 11 28 08 42 29.98900 1 -1.75824  0.26262 -0.39956  0.01506 -0.54944 -0.97753 -0.13960  0.08630 -0.18975 -1.19064 -0.25123 -0.07085  0.12299 -1.14432 -0.22450  0.05767 -0.29934 -0.83720 -0.08197  0.13515 -0.65520 -0.03452  0.09408 
2014 11 28 08 42 30.00400 1 -1.75824  0.20426 -0.31394  0.01506 -0.54944 -0.97753 -0.13960  0.08630 -0.18975 -1.19064 -0.25123 -0.07085  0.12299 -1.14432 -0.22450  0.05767 -0.29934 -0.74620 -0.05133  0.11131 -0.60970 -0.03452  0.09408 
2014 11 28 08 42 30.02000 1 -1.66320  0.13131 -0.22832  0.01506 -0.45248 -0.83163 -0.07994  0.09237 -0.12075 -1.10044 -0.20044 -0.06478  0.12299 -1.07280 -0.18591  0.03926 -0.23282 -0.63700 -0.02156  0.09290 -0.56420 -0.06904  0.09408 
2014 11 28 08 42 30.03500 1 -1.58400  0.13131 -0.15697 -0.00502 -0.38784 -0.72950 -0.04628  0.09237 -0.03450 -0.92004 -0.11446 -0.06478  0.19327 -0.98340 -0.14229  0.03926 -0.16630 -0.54600 -0.00258  0.09290 -0.52780 -0.10356  0.09408 
2014 11 28 08 42 30.05100 1 -1.58400  0.13131 -0.15697 -0.00502 -0.38784 -0.72950 -0.04628  0.11685 -0.03450 -0.92004 -0.11446 -0.06275  0.19327 -0.89400 -0.10378  0.01069 -0.16630 -0.54600 -0.00258  0.06433 -0.50960 -0.10356  0.09408 
2014 11 28 08 42 30.06700 1 -1.50480  0.13131 -0.09989 -0.03012 -0.32320 -0.64196 -0.02274  0.11685  0.03450 -0.81180 -0.07288 -0.06275  0.19327 -0.80460 -0.07038  0.01069 -0.09978 -0.47320 -0.00879  0.06433 -0.50960 -0.10356  0.09408 
2014 11 28 08 42 30.08200 1 -1.42560  0.13131 -0.09989 -0.03012 -0.32320 -0.56901 -0.00688  0.11685  0.03450 -0.72160 -0.04395 -0.06275  0.19327 -0.73308 -0.04735  0.01069 -0.09978 -0.47320 -0.00879  0.06433 -0.50960 -0.13808  0.10976 
2014 11 28 08 42 30.09800 1 -1.34640  0.13131 -0.09989 -0.05020 -0.32320 -0.56901 -0.00688  0.11685  0.03450 -0.72160 -0.04395 -0.06275  0.19327 -0.73308 -0.04735  0.01069 -0.09978 -0.47320 -0.00879  0.06433 -0.50960 -0.13808  0.10976 
2014 11 28 08 42 30.11300 1 -1.26720  0.07295 -0.09989 -0.07028 -0.32320 -0.56901 -0.00688  0.13035  0.03450 -0.64944 -0.02456 -0.06721  0.19327 -0.73308 -0.04735  0.00623 -0.09978 -0.47320 -0.00879  0.03603 -0.50960 -0.13808  0.10976 
2014 11 28 08 42 30.12900 1 -1.26720  0.07295 -0.09989 -0.07028 -0.32320 -0.56901 -0.00688  0.13035  0.03450 -0.64944 -0.02456 -0.06721  0.19327 -0.66156 -0.02759  0.00623 -0.09978 -0.47320 -0.00879  0.02411 -0.50960 -0.13808  0.10976 
2014 11 28 08 42 30.14500 1 -1.18800  0.07295 -0.09989 -0.09036 -0.32320 -0.56901 -0.00688  0.13642  0.03450 -0.64944 -0.02456 -0.06114  0.19327 -0.66156 -0.02759 -0.01218 -0.09978 -0.47320 -0.00879  0.00570 -0.50960 -0.13808  0.10976 
2014 11 28 08 42 30.16000 1 -1.15632  0.07295 -0.09989 -0.09036 -0.32320 -0.56901 -0.00688  0.13642  0.03450 -0.64944 -0.02456 -0.06114  0.19327 -0.66156 -0.02759 -0.01218 -0.09978 -0.47320 -0.00879  0.00570 -0.50960 -0.13808  0.10976 
2014 11 28 08 42 30.17600 1 -1.15632  0.07295 -0.09989 -0.09036 -0.32320 -0.56901 -0.00688  0.13642  0.03450 -0.64944 -0.02456 -0.06114  0.19327 -0.66156 -0.02759 -0.01218 -0.09978 -0.47320 -0.00879 -0.01814 -0.50960 -0.13808  0.10976 
2014 11 28 08 42 30.19100 1 -1.15632  0.07295 -0.09989 -0.11044 -0.25856 -0.56901 -0.00688  0.13642  0.03450 -0.64944 -0.02456 -0.06114  0.19327 -0.66156 -0.02759 -0.01218 -0.09978 -0.47320 -0.00879 -0.01814 -0.50960 -0.13808  0.12544 
2014 11 28 08 42 30.22300 1 -1.09296  0.01459 -0.09989 -0.13052 -0.25856 -0.49606 -0.00559  0.14249  0.03450 -0.57728 -0.00850 -0.05507  0.12299 -0.59004 -0.01110 -0.03059 -0.09978 -0.47320 -0.00879 -0.03655 -0.46410 -0.17260  0.12544 
2014 11 28 08 42 30.23800 1 -1.09296  0.01459 -0.09989 -0.13052 -0.25856 -0.49606 -0.00559  0.14249  0.03450 -0.57728 -0.00850 -0.05507  0.12299 -0.59004 -0.01110 -0.03059 -0.09978 -0.47320 -0.00879 -0.03655 -0.46410 -0.17260  0.12544 
2014 11 28 08 42 30.25400 1 -1.02960  0.01459 -0.09989 -0.13052 -0.25856 -0.49606 -0.00559  0.14249  0.03450 -0.57728 -0.00850 -0.05507  0.12299 -0.51852 -0.00211 -0.03059 -0.09978 -0.40040 -0.01677 -0.03655 -0.46410 -0.17260  0.12544 
2014 11 28 08 42 30.26900 1 -0.96624  0.01459 -0.09989 -0.15060 -0.25856 -0.43770 -0.01310  0.14249  0.03450 -0.50512 -0.00422 -0.05507  0.12299 -0.51852 -0.00211 -0.03059 -0.09978 -0.40040 -0.01677 -0.03655 -0.46410 -0.17260  0.12544 
2014 11 28 08 42 30.28500 1 -0.96624  0.01459 -0.09989 -0.15060 -0.25856 -0.43770 -0.01310  0.14249  0.03450 -0.50512 -0.00422 -0.05507  0.12299 -0.51852 -0.00211 -0.03059 -0.09978 -0.40040 -0.01677 -0.03655 -0.46410 -0.17260  0.12544 
2014 11 28 08 42 30.30100 1 -0.96624  0.01459 -0.09989 -0.17068 -0.25856 -0.43770 -0.01310  0.14249  0.03450 -0.43296 -0.01362 -0.05507  0.12299 -0.44700 -0.01205 -0.03059 -0.03326 -0.40040 -0.01677 -0.03655 -0.46410 -0.20712  0.12544 
2014 11 28 08 42 30.31600 1 -0.90288  0.01459 -0.04281 -0.17068 -0.25856 -0.37934 -0.01844  0.14249  0.03450 -0.43296 -0.01362 -0.05507  0.12299 -0.44700 -0.01205 -0.03059 -0.03326 -0.40040 -0.01677 -0.03655 -0.46410 -0.20712  0.12544 
2014 11 28 08 42 30.33200 1 -0.90288  0.01459 -0.04281 -0.17068 -0.25856 -0.37934 -0.01844  0.14249  0.03450 -0.43296 -0.01362 -0.05507  0.12299 -0.44700 -0.01205 -0.03059 -0.03326 -0.40040 -0.01677 -0.03655 -0.46410 -0.20712  0.12544 
2014 11 28 08 42 30.34700 1 -0.90288  0.01459 -0.04281 -0.19076 -0.25856 -0.37934 -0.01844  0.14249  0.03450 -0.43296 -0.01362 -0.05507  0.12299 -0.44700 -0.01205 -0.03059 -0.03326 -0.40040 -0.01677 -0.03655 -0.46410 -0.20712  0.12544 
2014 11 28 08 42 30.36300 1 -0.90288  0.01459 -0.04281 -0.19076 -0.25856 -0.37934 -0.01844  0.14249  0.03450 -0.36080 -0.01968 -0.05507  0.12299 -0.44700 -0.01205 -0.03059 -0.03326 -0.40040 -0.01677 -0.03655 -0.42770 -0.20712  0.12544 
2014 11 28 08 42 30.37900 1 -0.83952  0.01459 -0.04281 -0.19076 -0.25856 -0.37934 -0.01844  0.14249  0.03450 -0.36080 -0.01968 -0.05507  0.12299 -0.44700 -0.01205 -0.03059 -0.03326 -0.40040 -0.01677 -0.03655 -0.42770 -0.20712  0.12544 
2014 11 28 08 42 30.39400 1 -0.83952  0.01459 -0.04281 -0.21084 -0.19392 -0.37934 -0.01844  0.14249  0.03450 -0.36080 -0.01968 -0.05507  0.12299 -0.44700 -0.01205 -0.03059 -0.03326 -0.40040 -0.01677 -0.03655 -0.42770 -0.20712  0.12544 
2014 11 28 08 42 30.41000 1 -0.83952  0.01459 -0.04281 -0.21084 -0.19392 -0.32098 -0.02160  0.14249  0.03450 -0.36080 -0.01968 -0.05507  0.12299 -0.44700 -0.01205 -0.03059 -0.03326 -0.40040 -0.01677 -0.03655 -0.42770 -0.20712  0.12544 
2014 11 28 08 42 30.42500 1 -0.83952  0.01459 -0.04281 -0.21084 -0.19392 -0.32098 -0.02160  0.14249  0.03450 -0.36080 -0.01968 -0.05507  0.12299 -0.35760 -0.01987 -0.03059 -0.03326 -0.40040 -0.01677 -0.03655 -0.42770 -0.20712  0.12544 
2014 11 28 08 42 30.44100 1 -0.83952  0.01459 -0.04281 -0.21084 -0.19392 -0.32098 -0.02160  0.14249  0.03450 -0.36080 -0.01968 -0.05507  0.12299 -0.35760 -0.01987 -0.03059 -0.03326 -0.40040 -0.01677 -0.03655 -0.42770 -0.20712  0.12544 
2014 11 28 08 42 30.47200 1 -0.83952  0.01459 -0.04281 -0.21084 -0.19392 -0.32098 -0.02160  0.15600  0.03450 -0.28864 -0.02241 -0.05952  0.12299 -0.35760 -0.01987 -0.03504 -0.03326 -0.40040 -0.01677 -0.04100 -0.42770 -0.20712  0.12544 
2014 11 28 08 42 30.48800 1 -0.83952  0.01459 -0.04281 -0.23092 -0.19392 -0.32098 -0.02160  0.16207  0.03450 -0.28864 -0.02241 -0.05345  0.05271 -0.35760 -0.01987 -0.05345 -0.03326 -0.40040 -0.01677 -0.05941 -0.42770 -0.20712  0.12544 
2014 11 28 08 42 30.50300 1 -0.83952  0.01459 -0.04281 -0.23092 -0.19392 -0.32098 -0.02160  0.16207  0.03450 -0.28864 -0.02241 -0.05345  0.05271 -0.35760 -0.01987 -0.05345 -0.03326 -0.40040 -0.01677 -0.05941 -0.42770 -0.20712  0.12544 
2014 11 28 08 42 30.51900 1 -0.83952  0.01459 -0.04281 -0.23092 -0.19392 -0.32098 -0.02160  0.16207  0.03450 -0.28864 -0.02241 -0.05345  0.05271 -0.35760 -0.01987 -0.05345 -0.03326 -0.40040 -0.01677 -0.05941 -0.42770 -0.20712  0.12544 
2014 11 28 08 42 30.53500 1 -0.83952  0.01459 -0.04281 -0.23092 -0.19392 -0.26262 -0.02258  0.16207  0.03450 -0.28864 -0.02241 -0.05345  0.05271 -0.35760 -0.01987 -0.05345 -0.03326 -0.40040 -0.01677 -0.05941 -0.42770 -0.20712  0.12544 
2014 11 28 08 42 30.55000 1 -0.83952  0.01459 -0.04281 -0.23092 -0.19392 -0.26262 -0.02258  0.16207  0.03450 -0.28864 -0.02241 -0.05345  0.05271 -0.35760 -0.01987 -0.05345 -0.03326 -0.40040 -0.01677 -0.05941 -0.42770 -0.20712  0.12544 
2014 11 28 08 42 30.56600 1 -0.83952  0.01459 -0.04281 -0.23092 -0.19392 -0.26262 -0.02258  0.16207  0.03450 -0.28864 -0.02241 -0.05345  0.05271 -0.35760 -0.01987 -0.05345 -0.03326 -0.40040 -0.01677 -0.05941 -0.42770 -0.20712  0.12544 
2014 11 28 08 42 30.58100 1 -0.83952  0.01459 -0.04281 -0.23092 -0.19392 -0.26262 -0.02258  0.16207  0.03450 -0.28864 -0.02241 -0.05345  0.05271 -0.35760 -0.01987 -0.05345 -0.03326 -0.40040 -0.01677 -0.05941 -0.42770 -0.20712  0.12544 
2014 11 28 08 42 30.59700 1 -0.83952  0.01459 -0.04281 -0.23092 -0.19392 -0.26262 -0.02258  0.17895  0.03450 -0.28864 -0.02241 -0.05902  0.05271 -0.28608 -0.02244 -0.05902 -0.03326 -0.40040 -0.01677 -0.06498 -0.42770 -0.20712  0.12544 
2014 11 28 08 42 30.61300 1 -0.83952  0.01459 -0.04281 -0.23092 -0.19392 -0.26262 -0.02258  0.17895  0.03450 -0.28864 -0.02241 -0.05902  0.05271 -0.28608 -0.02244 -0.05902 -0.03326 -0.40040 -0.01677 -0.08882 -0.42770 -0.20712  0.12544 
2014 11 28 08 42 30.62800 1 -0.83952  0.01459 -0.04281 -0.23092 -0.19392 -0.26262 -0.02258  0.17895  0.03450 -0.28864 -0.02241 -0.05902  0.05271 -0.28608 -0.02244 -0.05902 -0.03326 -0.40040 -0.01677 -0.08882 -0.42770 -0.20712  0.12544 
2014 11 28 08 42 30.64400 1 -0.83952  0.01459 -0.04281 -0.25602 -0.19392 -0.26262 -0.02258  0.17895  0.03450 -0.21648 -0.02181 -0.05902  0.05271 -0.28608 -0.02244 -0.05902 -0.03326 -0.40040 -0.01677 -0.08882 -0.42770 -0.20712  0.12544 
2014 11 28 08 42 30.65900 1 -0.83952  0.01459 -0.04281 -0.25602 -0.19392 -0.20426 -0.02137  0.17895  0.03450 -0.21648 -0.02181 -0.05902  0.05271 -0.28608 -0.02244 -0.05902 -0.03326 -0.40040 -0.01677 -0.08882 -0.42770 -0.24164  0.12544 
2014 11 28 08 42 30.67500 1 -0.83952  0.01459 -0.04281 -0.25602 -0.19392 -0.20426 -0.02137  0.17895  0.03450 -0.21648 -0.02181 -0.05902  0.05271 -0.28608 -0.02244 -0.05902 -0.03326 -0.40040 -0.01677 -0.08882 -0.42770 -0.24164  0.12544 
2014 11 28 08 42 30.70600 1 -0.83952  0.01459 -0.04281 -0.25602 -0.19392 -0.20426 -0.02137  0.18502  0.03450 -0.21648 -0.02181 -0.05295  0.05271 -0.28608 -0.02244 -0.07743 -0.03326 -0.40040 -0.01677 -0.13107 -0.42770 -0.24164  0.12544 
2014 11 28 08 42 30.72200 1 -0.83952  0.01459 -0.04281 -0.27610 -0.19392 -0.20426 -0.02137  0.20191  0.03450 -0.21648 -0.02181 -0.05851  0.05271 -0.28608 -0.02244 -0.08299 -0.03326 -0.40040 -0.01677 -0.13663 -0.42770 -0.24164  0.12544 
2014 11 28 08 42 30.73700 1 -0.83952  0.01459 -0.04281 -0.29618 -0.19392 -0.20426 -0.02137  0.20191  0.03450 -0.21648 -0.02181 -0.05851  0.05271 -0.28608 -0.02244 -0.08299 -0.03326 -0.40040 -0.01677 -0.13663 -0.42770 -0.24164  0.12544 
2014 11 28 08 42 30.75300 1 -0.83952  0.01459 -0.04281 -0.29618 -0.19392 -0.20426 -0.02137  0.20191  0.03450 -0.21648 -0.02181 -0.05851  0.05271 -0.28608 -0.02244 -0.08299 -0.03326 -0.40040 -0.01677 -0.13663 -0.42770 -0.24164  0.12544 
2014 11 28 08 42 30.76900 1 -0.83952  0.01459 -0.04281 -0.29618 -0.19392 -0.20426 -0.02137  0.20191  0.03450 -0.21648 -0.02181 -0.05851  0.05271 -0.28608 -0.02244 -0.08299 -0.03326 -0.40040 -0.01677 -0.13663 -0.39130 -0.24164  0.12544 
2014 11 28 08 42 30.78400 1 -0.83952  0.01459 -0.04281 -0.31626 -0.19392 -0.20426 -0.02137  0.20191  0.03450 -0.21648 -0.02181 -0.05851  0.05271 -0.28608 -0.02244 -0.08299 -0.03326 -0.40040 -0.01677 -0.13663 -0.39130 -0.24164  0.12544 
2014 11 28 08 42 30.80000 1 -0.83952  0.01459 -0.04281 -0.31626 -0.19392 -0.20426 -0.02137  0.20191  0.03450 -0.21648 -0.02181 -0.05851  0.05271 -0.28608 -0.02244 -0.08299 -0.03326 -0.40040 -0.01677 -0.13663 -0.39130 -0.24164  0.12544 
2014 11 28 08 42 30.81500 1 -0.83952  0.01459 -0.04281 -0.31626 -0.12928 -0.20426 -0.02137  0.20191  0.03450 -0.21648 -0.02181 -0.05851  0.05271 -0.19668 -0.02106 -0.08299 -0.03326 -0.40040 -0.01677 -0.13663 -0.39130 -0.24164  0.12544 
2014 11 28 08 42 30.83100 1 -0.83952  0.01459 -0.04281 -0.31626 -0.12928 -0.20426 -0.02137  0.20191  0.03450 -0.14432 -0.01787 -0.05851  0.05271 -0.19668 -0.02106 -0.08299 -0.03326 -0.40040 -0.01677 -0.13663 -0.39130 -0.24164  0.12544 
2014 11 28 08 42 30.84700 1 -0.83952  0.01459 -0.04281 -0.31626 -0.12928 -0.20426 -0.02137  0.20191  0.03450 -0.14432 -0.01787 -0.05851  0.05271 -0.19668 -0.02106 -0.08299 -0.03326 -0.40040 -0.01677 -0.13663 -0.39130 -0.24164  0.12544 
2014 11 28 08 42 30.86200 1 -0.83952  0.01459 -0.04281 -0.31626 -0.12928 -0.20426 -0.02137  0.20798  0.03450 -0.14432 -0.01787 -0.05244  0.05271 -0.19668 -0.02106 -0.10140 -0.03326 -0.40040 -0.01677 -0.15504 -0.39130 -0.24164  0.12544 
2014 11 28 08 42 30.87800 1 -0.83952  0.01459 -0.04281 -0.33634 -0.12928 -0.14590 -0.01799  0.20798  0.03450 -0.14432 -0.01787 -0.05244  0.05271 -0.19668 -0.02106 -0.10140  0.03326 -0.40040 -0.01677 -0.15504 -0.39130 -0.24164  0.12544 
2014 11 28 08 42 30.89300 1 -0.83952  0.01459 -0.04281 -0.33634 -0.12928 -0.14590 -0.01799  0.20798  0.03450 -0.14432 -0.01787 -0.05244  0.05271 -0.19668 -0.02106 -0.10140  0.03326 -0.40040 -0.01677 -0.15504 -0.39130 -0.24164  0.12544 
2014 11 28 08 42 30.90900 1 -0.83952  0.01459 -0.04281 -0.33634 -0.12928 -0.14590 -0.01799  0.20798  0.03450 -0.14432 -0.01787 -0.05244  0.05271 -0.19668 -0.02106 -0.10140  0.03326 -0.40040 -0.01677 -0.15504 -0.39130 -0.24164  0.12544 
2014 11 28 08 42 30.92500 1 -0.83952 -0.05836 -0.04281 -0.35642 -0.12928 -0.14590 -0.01799  0.22148  0.03450 -0.14432 -0.01787 -0.05690  0.05271 -0.12516 -0.01626 -0.10586  0.03326 -0.40040 -0.01677 -0.15950 -0.39130 -0.24164  0.12544 
2014 11 28 08 42 30.95600 1 -0.83952 -0.05836 -0.04281 -0.35642 -0.12928 -0.14590 -0.01799  0.22148  0.03450 -0.14432 -0.01787 -0.05690  0.05271 -0.12516 -0.01626 -0.10586  0.03326 -0.40040 -0.01677 -0.15950 -0.39130 -0.24164  0.12544 
2014 11 28 08 42 30.97100 1 -0.83952 -0.05836 -0.04281 -0.38152 -0.12928 -0.14590 -0.01799  0.22148  0.03450 -0.14432 -0.01787 -0.05690  0.05271 -0.12516 -0.01626 -0.10586  0.03326 -0.40040 -0.01677 -0.15950 -0.39130 -0.24164  0.12544 
2014 11 28 08 42 30.98700 1 -0.83952 -0.05836 -0.04281 -0.38152 -0.12928 -0.14590 -0.01799  0.22148  0.03450 -0.14432 -0.01787 -0.05690  0.05271 -0.12516 -0.01626 -0.10586  0.03326 -0.40040 -0.01677 -0.15950 -0.39130 -0.24164  0.12544 
2014 11 28 08 42 31.00300 1 -0.83952 -0.05836 -0.04281 -0.38152 -0.12928 -0.14590 -0.01799  0.23499  0.03450 -0.14432 -0.01787 -0.06135  0.05271 -0.12516 -0.01626 -0.11031  0.03326 -0.40040 -0.01677 -0.16395 -0.39130 -0.24164  0.12544 
2014 11 28 08 42 31.01800 1 -0.83952 -0.05836 -0.04281 -0.40160 -0.12928 -0.14590 -0.01799  0.23499  0.03450 -0.14432 -0.01787 -0.06135  0.05271 -0.12516 -0.01626 -0.11031  0.03326 -0.40040 -0.01677 -0.16395 -0.39130 -0.27616  0.12544 
2014 11 28 08 42 31.03400 1 -0.83952 -0.05836 -0.04281 -0.40160 -0.12928 -0.14590 -0.01799  0.24106  0.03450 -0.14432 -0.01787 -0.05528  0.05271 -0.12516 -0.01626 -0.12872  0.03326 -0.40040 -0.01677 -0.18236 -0.39130 -0.27616  0.12544 
2014 11 28 08 42 31.04900 1 -0.83952 -0.05836 -0.04281 -0.40160 -0.12928 -0.08754 -0.01243  0.24106  0.03450 -0.14432 -0.01787 -0.05528  0.05271 -0.12516 -0.01626 -0.12872  0.03326 -0.40040 -0.01677 -0.18236 -0.39130 -0.27616  0.12544 
2014 11 28 08 42 31.06500 1 -0.83952 -0.05836 -0.04281 -0.42168 -0.12928 -0.08754 -0.01243  0.24106  0.03450 -0.14432 -0.01787 -0.05528  0.05271 -0.12516 -0.01626 -0.12872  0.03326 -0.40040 -0.01677 -0.18236 -0.39130 -0.27616  0.12544 
2014 11 28 08 42 31.08100 1 -0.83952 -0.05836 -0.04281 -0.42168 -0.12928 -0.08754 -0.01243  0.24106  0.03450 -0.07216 -0.01060 -0.05528  0.05271 -0.12516 -0.01626 -0.12872  0.03326 -0.40040 -0.01677 -0.18236 -0.39130 -0.27616  0.12544 
2014 11 28 08 42 31.09600 1 -0.83952 -0.05836 -0.04281 -0.44678 -0.12928 -0.08754 -0.01243  0.25457  0.03450 -0.07216 -0.01060 -0.05973  0.05271 -0.12516 -0.01626 -0.13317  0.03326 -0.40040 -0.01677 -0.18681 -0.39130 -0.27616  0.12544 
2014 11 28 08 42 31.11200 1 -0.83952 -0.05836 -0.04281 -0.47188 -0.12928 -0.08754 -0.01243  0.25457  0.03450 -0.07216 -0.01060 -0.05973  0.05271 -0.12516 -0.01626 -0.13317  0.03326 -0.40040 -0.01677 -0.18681 -0.39130 -0.27616  0.12544 
2014 11 28 08 42 31.12700 1 -0.83952 -0.05836 -0.04281 -0.47188 -0.12928 -0.08754 -0.01243  0.25457  0.03450 -0.07216 -0.01060 -0.05973  0.05271 -0.12516 -0.01626 -0.13317  0.03326 -0.40040 -0.01677 -0.18681 -0.39130 -0.27616  0.12544 
2014 11 28 08 42 31.14300 1 -0.83952 -0.05836 -0.04281 -0.49698 -0.12928 -0.08754 -0.01243  0.25457  0.03450 -0.07216 -0.01060 -0.05973  0.05271 -0.12516 -0.01626 -0.13317  0.03326 -0.40040 -0.01677 -0.18681 -0.39130 -0.27616  0.12544 
2014 11 28 08 42 31.15900 1 -0.77616 -0.05836 -0.04281 -0.51706 -0.12928 -0.08754 -0.01243  0.25457  0.03450 -0.07216 -0.01060 -0.05973  0.05271 -0.12516 -0.01626 -0.13317  0.03326 -0.40040 -0.01677 -0.18681 -0.39130 -0.27616  0.12544 
2014 11 28 08 42 31.17400 1 -0.77616 -0.05836 -0.04281 -0.51706 -0.12928 -0.08754 -0.01243  0.25457  0.03450 -0.07216 -0.01060 -0.05973 -0.01757 -0.12516 -0.01626 -0.13317  0.03326 -0.40040 -0.01677 -0.18681 -0.39130 -0.27616  0.12544 
2014 11 28 08 42 31.20500 1 -0.77616 -0.05836 -0.04281 -0.53714 -0.06464 -0.08754 -0.01243  0.25457  0.03450 -0.07216 -0.01060 -0.05973 -0.01757 -0.12516 -0.01626 -0.13317  0.03326 -0.32760 -0.02135 -0.21661 -0.35490 -0.27616  0.12544 
2014 11 28 08 42 31.22100 1 -0.77616 -0.05836 -0.04281 -0.55722 -0.06464 -0.08754 -0.01243  0.25457  0.03450 -0.07216 -0.01060 -0.05973 -0.01757 -0.12516 -0.01626 -0.13317  0.03326 -0.32760 -0.02135 -0.21661 -0.35490 -0.27616  0.10976 
2014 11 28 08 42 31.23700 1 -0.77616 -0.11672 -0.04281 -0.55722 -0.06464 -0.08754 -0.01243  0.25457  0.03450 -0.07216 -0.01060 -0.05973 -0.01757 -0.12516 -0.01626 -0.13317  0.03326 -0.32760 -0.02135 -0.21661 -0.31850 -0.27616  0.10976 
2014 11 28 08 42 31.25200 1 -0.71280 -0.11672 -0.04281 -0.55722 -0.06464 -0.08754 -0.01243  0.25457  0.03450 -0.07216 -0.01060 -0.05973 -0.01757 -0.12516 -0.01626 -0.13317  0.03326 -0.25480 -0.02254 -0.21661 -0.31850 -0.27616  0.09408 
2014 11 28 08 42 31.26800 1 -0.71280 -0.11672 -0.04281 -0.55722 -0.06464 -0.02918 -0.00469  0.25457  0.03450 -0.07216 -0.01060 -0.05973 -0.01757 -0.12516 -0.01626 -0.13317 -0.03326 -0.25480 -0.02254 -0.21661 -0.31850 -0.27616  0.09408 
2014 11 28 08 42 31.28300 1 -0.71280 -0.11672 -0.04281 -0.55722 -0.06464 -0.02918 -0.00469  0.25457  0.03450 -0.07216 -0.01060 -0.05973 -0.01757 -0.12516 -0.01626 -0.13317 -0.03326 -0.25480 -0.02254 -0.21661 -0.28210 -0.27616  0.09408 
2014 11 28 08 42 31.29900 1 -0.71280 -0.11672 -0.04281 -0.55722 -0.06464 -0.02918 -0.00469  0.25457  0.03450 -0.07216 -0.01060 -0.05973 -0.01757 -0.12516 -0.01626 -0.13317 -0.03326 -0.25480 -0.02254 -0.21661 -0.28210 -0.27616  0.09408 
2014 11 28 08 42 31.31500 1 -0.71280 -0.11672 -0.04281 -0.55722 -0.06464 -0.02918 -0.00469  0.25457  0.03450 -0.07216 -0.01060 -0.05973 -0.01757 -0.12516 -0.01626 -0.13317 -0.03326 -0.25480 -0.02254 -0.21661 -0.28210 -0.27616  0.09408 
2014 11 28 08 42 31.33000 1 -0.71280 -0.11672 -0.04281 -0.55722 -0.06464 -0.02918 -0.00469  0.26807  0.03450 -0.07216 -0.01060 -0.06419 -0.01757 -0.12516 -0.01626 -0.13763 -0.03326 -0.25480 -0.02254 -0.22107 -0.28210 -0.27616  0.09408 
2014 11 28 08 42 31.34600 1 -0.71280 -0.11672 -0.04281 -0.55722 -0.06464 -0.02918 -0.00469  0.26807  0.03450 -0.07216 -0.01060 -0.06419 -0.01757 -0.12516 -0.01626 -0.13763 -0.03326 -0.25480 -0.02254 -0.22107 -0.28210 -0.27616  0.09408 
2014 11 28 08 42 31.36100 1 -0.71280 -0.11672 -0.04281 -0.55722 -0.06464 -0.02918 -0.00469  0.26807  0.03450 -0.07216 -0.01060 -0.06419 -0.01757 -0.12516 -0.01626 -0.13763 -0.03326 -0.25480 -0.02254 -0.22107 -0.28210 -0.27616  0.09408 
2014 11 28 08 42 31.37700 1 -0.71280 -0.11672 -0.04281 -0.55722 -0.06464 -0.02918 -0.00469  0.26807  0.03450 -0.07216 -0.01060 -0.06419 -0.01757 -0.12516 -0.01626 -0.13763 -0.03326 -0.25480 -0.02254 -0.22107 -0.24570 -0.27616  0.09408 
2014 11 28 08 42 31.39300 1 -0.71280 -0.11672 -0.04281 -0.55722 -0.06464 -0.02918 -0.00469  0.26807  0.03450 -0.07216 -0.01060 -0.06419 -0.01757 -0.12516 -0.01626 -0.13763 -0.03326 -0.25480 -0.02254 -0.22107 -0.24570 -0.27616  0.09408 
2014 11 28 08 42 31.40800 1 -0.71280 -0.11672 -0.04281 -0.55722 -0.06464 -0.02918 -0.00469  0.26807  0.03450 -0.07216 -0.01060 -0.06419 -0.01757 -0.12516 -0.01626 -0.13763 -0.03326 -0.25480 -0.02254 -0.22107 -0.24570 -0.27616  0.07840 
2014 11 28 08 42 31.43900 1 -0.71280 -0.11672 -0.04281 -0.55722 -0.06464 -0.02918 -0.00469  0.26807  0.03450 -0.07216 -0.01060 -0.06419 -0.01757 -0.12516 -0.01626 -0.13763 -0.03326 -0.25480 -0.02254 -0.22107 -0.24570 -0.27616  0.07840 
2014 11 28 08 42 31.45500 1 -0.71280 -0.11672 -0.04281 -0.55722 -0.06464 -0.02918 -0.00469  0.26807  0.03450 -0.07216 -0.01060 -0.06419 -0.01757 -0.12516 -0.01626 -0.13763 -0.03326 -0.25480 -0.02254 -0.22107 -0.24570 -0.27616  0.07840 
2014 11 28 08 42 31.47100 1 -0.71280 -0.11672 -0.04281 -0.55722 -0.06464 -0.02918 -0.00469  0.26807  0.03450 -0.07216 -0.01060 -0.06419 -0.01757 -0.12516 -0.01626 -0.13763 -0.03326 -0.25480 -0.02254 -0.22107 -0.24570 -0.27616  0.07840 
2014 11 28 08 42 31.48600 1 -0.71280 -0.11672 -0.04281 -0.55722 -0.06464 -0.02918 -0.00469  0.26807  0.03450 -0.07216 -0.01060 -0.06419 -0.01757 -0.12516 -0.01626 -0.13763 -0.03326 -0.25480 -0.02254 -0.22107 -0.24570 -0.27616  0.07840 
2014 11 28 08 42 31.50200 1 -0.71280 -0.11672 -0.04281 -0.55722 -0.06464 -0.02918 -0.00469  0.26807  0.03450 -0.07216 -0.01060 -0.06419 -0.01757 -0.12516 -0.01626 -0.13763 -0.03326 -0.25480 -0.02254 -0.22107 -0.24570 -0.27616  0.07840 
2014 11 28 08 42 31.51700 1 -0.71280 -0.11672 -0.04281 -0.55722 -0.06464 -0.02918 -0.00469  0.26807  0.03450 -0.07216 -0.01060 -0.06419 -0.01757 -0.12516 -0.01626 -0.13763 -0.03326 -0.18200 -0.02034 -0.22107 -0.24570 -0.27616  0.07840 
2014 11 28 08 42 31.53300 1 -0.71280 -0.11672 -0.04281 -0.55722 -0.06464 -0.02918 -0.00469  0.26807  0.03450 -0.07216 -0.01060 -0.06419 -0.01757 -0.12516 -0.01626 -0.13763 -0.03326 -0.18200 -0.02034 -0.22107 -0.24570 -0.27616  0.07840 
2014 11 28 08 42 31.54900 1 -0.71280 -0.11672 -0.04281 -0.55722 -0.06464 -0.02918 -0.00469  0.26807  0.03450 -0.07216 -0.01060 -0.06419 -0.01757 -0.12516 -0.01626 -0.13763 -0.03326 -0.18200 -0.02034 -0.22107 -0.24570 -0.27616  0.07840 
2014 11 28 08 42 31.56400 1 -0.71280 -0.11672 -0.04281 -0.55722 -0.06464 -0.02918 -0.00469  0.26807  0.03450 -0.07216 -0.01060 -0.06419 -0.01757 -0.12516 -0.01626 -0.13763 -0.03326 -0.18200 -0.02034 -0.22107 -0.24570 -0.27616  0.07840 
2014 11 28 08 42 31.58000 1 -0.71280 -0.11672 -0.04281 -0.55722 -0.06464 -0.02918 -0.00469  0.26807  0.03450 -0.07216 -0.01060 -0.06419 -0.01757 -0.12516 -0.01626 -0.13763 -0.09978 -0.18200 -0.02034 -0.22107 -0.24570 -0.27616  0.07840 
2014 11 28 08 42 31.59500 1 -0.71280 -0.11672 -0.04281 -0.55722 -0.06464 -0.02918 -0.00469  0.26807  0.03450 -0.07216 -0.01060 -0.06419 -0.01757 -0.12516 -0.01626 -0.13763 -0.09978 -0.18200 -0.02034 -0.22107 -0.24570 -0.27616  0.07840 
2014 11 28 08 42 31.61100 1 -0.71280 -0.11672 -0.04281 -0.55722 -0.06464 -0.02918 -0.00469  0.26807  0.03450 -0.07216 -0.01060 -0.06419 -0.01757 -0.12516 -0.01626 -0.13763 -0.09978 -0.18200 -0.02034 -0.22107 -0.24570 -0.27616  0.07840 
2014 11 28 08 42 31.62700 1 -0.71280 -0.11672 -0.04281 -0.55722 -0.06464 -0.02918 -0.00469  0.26807  0.03450 -0.07216 -0.01060 -0.06419 -0.01757 -0.12516 -0.01626 -0.13763 -0.09978 -0.18200 -0.02034 -0.22107 -0.24570 -0.27616  0.07840 
2014 11 28 08 42 31.64200 1 -0.71280 -0.11672 -0.04281 -0.55722 -0.06464 -0.02918 -0.00469  0.26807  0.03450 -0.07216 -0.01060 -0.06419 -0.01757 -0.12516 -0.01626 -0.13763 -0.09978 -0.18200 -0.02034 -0.22107 -0.24570 -0.27616  0.07840 
2014 11 28 08 42 31.65800 1 -0.71280 -0.11672 -0.04281 -0.55722 -0.06464 -0.02918 -0.00469  0.26807  0.03450 -0.07216 -0.01060 -0.06419 -0.01757 -0.12516 -0.01626 -0.13763 -0.09978 -0.18200 -0.02034 -0.22107 -0.24570 -0.27616  0.07840 
2014 11 28 08 42 31.68900 1 -0.71280 -0.11672 -0.04281 -0.55722 -0.06464 -0.02918 -0.00469  0.26807  0.03450 -0.07216 -0.01060 -0.06419 -0.01757 -0.12516 -0.01626 -0.13763 -0.09978 -0.18200 -0.02034 -0.22107 -0.24570 -0.27616  0.07840 
2014 11 28 08 42 31.70500 1 -0.71280 -0.11672 -0.04281 -0.55722 -0.06464 -0.02918 -0.00469  0.26807  0.03450 -0.07216 -0.01060 -0.06419 -0.01757 -0.12516 -0.01626 -0.13763 -0.09978 -0.18200 -0.02034 -0.22107 -0.24570 -0.27616  0.07840 
2014 11 28 08 42 31.72000 1 -0.71280 -0.11672 -0.04281 -0.55722 -0.06464 -0.02918 -0.00469  0.26807  0.03450 -0.07216 -0.01060 -0.06419 -0.01757 -0.12516 -0.01626 -0.13763 -0.09978 -0.18200 -0.02034 -0.22107 -0.24570 -0.27616  0.07840 
2014 11 28 08 42 31.73600 1 -0.71280 -0.11672 -0.04281 -0.55722 -0.06464 -0.02918 -0.00469  0.26807  0.03450 -0.07216 -0.01060 -0.06419 -0.01757 -0.12516 -0.01626 -0.13763 -0.09978 -0.18200 -0.02034 -0.22107 -0.24570 -0.27616  0.07840 
2014 11 28 08 42 31.75100 1 -0.71280 -0.11672 -0.04281 -0.55722 -0.06464 -0.02918 -0.00469  0.26807  0.03450 -0.07216 -0.01060 -0.06419 -0.01757 -0.12516 -0.01626 -0.13763 -0.09978 -0.18200 -0.02034 -0.22107 -0.24570 -0.27616  0.06272 
2014 11 28 08 42 31.76700 1 -0.64944 -0.11672 -0.04281 -0.55722 -0.06464 -0.02918 -0.00469  0.26807  0.03450 -0.07216 -0.01060 -0.06419 -0.01757 -0.12516 -0.01626 -0.13763 -0.09978 -0.18200 -0.02034 -0.22107 -0.24570 -0.27616  0.06272 
2014 11 28 08 42 31.78300 1 -0.64944 -0.11672 -0.04281 -0.55722 -0.06464 -0.02918 -0.00469  0.26807  0.03450 -0.07216 -0.01060 -0.06419 -0.01757 -0.12516 -0.01626 -0.13763 -0.09978 -0.18200 -0.02034 -0.22107 -0.24570 -0.27616  0.06272 
2014 11 28 08 42 31.79800 1 -0.64944 -0.11672 -0.04281 -0.55722 -0.06464 -0.02918 -0.00469  0.26807  0.03450 -0.07216 -0.01060 -0.06419 -0.01757 -0.12516 -0.01626 -0.13763 -0.09978 -0.18200 -0.02034 -0.22107 -0.24570 -0.27616  0.06272 
2014 11 28 08 42 31.81400 1 -0.64944 -0.11672 -0.04281 -0.55722 -0.06464 -0.02918 -0.00469  0.26807  0.03450 -0.07216 -0.01060 -0.06419 -0.01757 -0.12516 -0.01626 -0.13763 -0.09978 -0.18200 -0.02034 -0.22107 -0.24570 -0.27616  0.06272 
2014 11 28 08 42 31.82900 1 -0.64944 -0.11672 -0.04281 -0.55722 -0.06464 -0.02918 -0.00469  0.26807  0.03450 -0.07216 -0.01060 -0.06419 -0.01757 -0.12516 -0.01626 -0.13763 -0.09978 -0.18200 -0.02034 -0.22107 -0.24570 -0.27616  0.06272 
2014 11 28 08 42 31.84500 1 -0.64944 -0.11672 -0.04281 -0.55722 -0.06464 -0.02918 -0.00469  0.26807  0.03450 -0.07216 -0.01060 -0.06419 -0.01757 -0.12516 -0.01626 -0.13763 -0.09978 -0.18200 -0.02034 -0.22107 -0.24570 -0.27616  0.06272 
2014 11 28 08 42 31.86100 1 -0.64944 -0.11672 -0.04281 -0.55722 -0.06464 -0.02918 -0.00469  0.26807  0.03450 -0.07216 -0.01060 -0.06419 -0.01757 -0.12516 -0.01626 -0.13763 -0.09978 -0.18200 -0.02034 -0.22107 -0.24570 -0.27616  0.06272 
